-4.000000e-01 -3.200000e+00 0.58
-2.000000e-01 -3.200000e+00 0.90
+0.000000e+00 -3.200000e+00 0.90
+2.000000e-01 -3.200000e+00 0.90
+4.000000e-01 -3.200000e+00 0.58
-6.000000e-01 -3.000000e+00 0.19
-4.000000e-01 -3.000000e+00 0.99
-2.000000e-01 -3.000000e+00 1.00
+0.000000e+00 -3.000000e+00 1.00
+2.000000e-01 -3.000000e+00 1.00
+4.000000e-01 -3.000000e+00 0.99
+6.000000e-01 -3.000000e+00 0.19
-6.000000e-01 -2.800000e+00 0.76
-4.000000e-01 -2.800000e+00 1.00
-2.000000e-01 -2.800000e+00 1.00
+0.000000e+00 -2.800000e+00 1.00
+2.000000e-01 -2.800000e+00 1.00
+4.000000e-01 -2.800000e+00 1.00
+6.000000e-01 -2.800000e+00 0.76
-1.600000e+00 -2.600000e+00 0.08
-1.400000e+00 -2.600000e+00 0.36
-1.200000e+00 -2.600000e+00 0.61
-1.000000e+00 -2.600000e+00 0.61
-8.000000e-01 -2.600000e+00 0.66
-6.000000e-01 -2.600000e+00 0.99
-4.000000e-01 -2.600000e+00 1.00
-2.000000e-01 -2.600000e+00 1.00
+0.000000e+00 -2.600000e+00 1.00
+2.000000e-01 -2.600000e+00 1.00
+4.000000e-01 -2.600000e+00 1.00
+6.000000e-01 -2.600000e+00 0.99
+8.000000e-01 -2.600000e+00 0.66
+1.000000e+00 -2.600000e+00 0.61
+1.200000e+00 -2.600000e+00 0.61
+1.400000e+00 -2.600000e+00 0.36
+1.600000e+00 -2.600000e+00 0.08
-1.600000e+00 -2.400000e+00 0.71
-1.400000e+00 -2.400000e+00 0.43
-1.200000e+00 -2.400000e+00 0.98
-1.000000e+00 -2.400000e+00 1.00
-8.000000e-01 -2.400000e+00 1.00
-6.000000e-01 -2.400000e+00 0.96
-4.000000e-01 -2.400000e+00 1.00
-2.000000e-01 -2.400000e+00 1.00
+0.000000e+00 -2.400000e+00 1.00
+2.000000e-01 -2.400000e+00 1.00
+4.000000e-01 -2.400000e+00 1.00
+6.000000e-01 -2.400000e+00 0.96
+8.000000e-01 -2.400000e+00 1.00
+1.000000e+00 -2.400000e+00 1.00
+1.200000e+00 -2.400000e+00 0.98
+1.400000e+00 -2.400000e+00 0.43
+1.600000e+00 -2.400000e+00 0.71
-1.800000e+00 -2.200000e+00 0.29
-1.600000e+00 -2.200000e+00 1.00
-1.400000e+00 -2.200000e+00 0.84
-1.200000e+00 -2.200000e+00 0.57
-1.000000e+00 -2.200000e+00 1.00
-8.000000e-01 -2.200000e+00 1.00
-6.000000e-01 -2.200000e+00 0.98
-4.000000e-01 -2.200000e+00 0.98
-2.000000e-01 -2.200000e+00 1.00
+0.000000e+00 -2.200000e+00 1.00
+2.000000e-01 -2.200000e+00 1.00
+4.000000e-01 -2.200000e+00 0.98
+6.000000e-01 -2.200000e+00 0.98
+8.000000e-01 -2.200000e+00 1.00
+1.000000e+00 -2.200000e+00 1.00
+1.200000e+00 -2.200000e+00 0.57
+1.400000e+00 -2.200000e+00 0.84
+1.600000e+00 -2.200000e+00 1.00
+1.800000e+00 -2.200000e+00 0.29
-2.600000e+00 -2.000000e+00 0.28
-2.400000e+00 -2.000000e+00 0.32
-2.200000e+00 -2.000000e+00 0.32
-2.000000e+00 -2.000000e+00 0.32
-1.800000e+00 -2.000000e+00 0.84
-1.600000e+00 -2.000000e+00 1.00
-1.400000e+00 -2.000000e+00 1.00
-1.200000e+00 -2.000000e+00 0.50
-1.000000e+00 -2.000000e+00 0.91
-8.000000e-01 -2.000000e+00 1.00
-6.000000e-01 -2.000000e+00 1.00
-4.000000e-01 -2.000000e+00 0.95
-2.000000e-01 -2.000000e+00 0.97
+0.000000e+00 -2.000000e+00 0.97
+2.000000e-01 -2.000000e+00 0.97
+4.000000e-01 -2.000000e+00 0.95
+6.000000e-01 -2.000000e+00 1.00
+8.000000e-01 -2.000000e+00 1.00
+1.000000e+00 -2.000000e+00 0.91
+1.200000e+00 -2.000000e+00 0.50
+1.400000e+00 -2.000000e+00 1.00
+1.600000e+00 -2.000000e+00 1.00
+1.800000e+00 -2.000000e+00 0.84
+2.000000e+00 -2.000000e+00 0.32
+2.200000e+00 -2.000000e+00 0.32
+2.400000e+00 -2.000000e+00 0.32
+2.600000e+00 -2.000000e+00 0.28
-2.800000e+00 -1.800000e+00 0.24
-2.600000e+00 -1.800000e+00 1.00
-2.400000e+00 -1.800000e+00 1.00
-2.200000e+00 -1.800000e+00 1.00
-2.000000e+00 -1.800000e+00 1.00
-1.800000e+00 -1.800000e+00 0.96
-1.600000e+00 -1.800000e+00 1.00
-1.400000e+00 -1.800000e+00 1.00
-1.200000e+00 -1.800000e+00 0.94
-1.000000e+00 -1.800000e+00 0.48
-8.000000e-01 -1.800000e+00 1.00
-6.000000e-01 -1.800000e+00 0.99
-4.000000e-01 -1.800000e+00 0.98
-2.000000e-01 -1.800000e+00 1.00
+0.000000e+00 -1.800000e+00 1.00
+2.000000e-01 -1.800000e+00 1.00
+4.000000e-01 -1.800000e+00 0.98
+6.000000e-01 -1.800000e+00 0.99
+8.000000e-01 -1.800000e+00 1.00
+1.000000e+00 -1.800000e+00 0.48
+1.200000e+00 -1.800000e+00 0.94
+1.400000e+00 -1.800000e+00 1.00
+1.600000e+00 -1.800000e+00 1.00
+1.800000e+00 -1.800000e+00 0.96
+2.000000e+00 -1.800000e+00 1.00
+2.200000e+00 -1.800000e+00 1.00
+2.400000e+00 -1.800000e+00 1.00
+2.600000e+00 -1.800000e+00 1.00
+2.800000e+00 -1.800000e+00 0.24
-3.000000e+00 -1.600000e+00 0.01
-2.800000e+00 -1.600000e+00 0.81
-2.600000e+00 -1.600000e+00 1.00
-2.400000e+00 -1.600000e+00 1.00
-2.200000e+00 -1.600000e+00 1.00
-2.000000e+00 -1.600000e+00 1.00
-1.800000e+00 -1.600000e+00 0.99
-1.600000e+00 -1.600000e+00 0.98
-1.400000e+00 -1.600000e+00 1.00
-1.200000e+00 -1.600000e+00 1.00
-1.000000e+00 -1.600000e+00 0.60
-8.000000e-01 -1.600000e+00 0.81
-6.000000e-01 -1.600000e+00 0.96
-4.000000e-01 -1.600000e+00 1.00
-2.000000e-01 -1.600000e+00 1.00
+0.000000e+00 -1.600000e+00 1.00
+2.000000e-01 -1.600000e+00 1.00
+4.000000e-01 -1.600000e+00 1.00
+6.000000e-01 -1.600000e+00 0.96
+8.000000e-01 -1.600000e+00 0.81
+1.000000e+00 -1.600000e+00 0.60
+1.200000e+00 -1.600000e+00 1.00
+1.400000e+00 -1.600000e+00 1.00
+1.600000e+00 -1.600000e+00 0.98
+1.800000e+00 -1.600000e+00 0.99
+2.000000e+00 -1.600000e+00 1.00
+2.200000e+00 -1.600000e+00 1.00
+2.400000e+00 -1.600000e+00 1.00
+2.600000e+00 -1.600000e+00 1.00
+2.800000e+00 -1.600000e+00 0.81
+3.000000e+00 -1.600000e+00 0.01
-3.000000e+00 -1.400000e+00 0.40
-2.800000e+00 -1.400000e+00 1.00
-2.600000e+00 -1.400000e+00 1.00
-2.400000e+00 -1.400000e+00 1.00
-2.200000e+00 -1.400000e+00 1.00
-2.000000e+00 -1.400000e+00 1.00
-1.800000e+00 -1.400000e+00 1.00
-1.600000e+00 -1.400000e+00 0.96
-1.400000e+00 -1.400000e+00 0.97
-1.200000e+00 -1.400000e+00 0.97
-1.000000e+00 -1.400000e+00 0.96
-8.000000e-01 -1.400000e+00 0.40
-6.000000e-01 -1.400000e+00 0.98
-4.000000e-01 -1.400000e+00 1.00
-2.000000e-01 -1.400000e+00 1.00
+0.000000e+00 -1.400000e+00 1.00
+2.000000e-01 -1.400000e+00 1.00
+4.000000e-01 -1.400000e+00 1.00
+6.000000e-01 -1.400000e+00 0.98
+8.000000e-01 -1.400000e+00 0.40
+1.000000e+00 -1.400000e+00 0.96
+1.200000e+00 -1.400000e+00 0.97
+1.400000e+00 -1.400000e+00 0.97
+1.600000e+00 -1.400000e+00 0.96
+1.800000e+00 -1.400000e+00 1.00
+2.000000e+00 -1.400000e+00 1.00
+2.200000e+00 -1.400000e+00 1.00
+2.400000e+00 -1.400000e+00 1.00
+2.600000e+00 -1.400000e+00 1.00
+2.800000e+00 -1.400000e+00 1.00
+3.000000e+00 -1.400000e+00 0.40
-3.000000e+00 -1.200000e+00 0.33
-2.800000e+00 -1.200000e+00 1.00
-2.600000e+00 -1.200000e+00 1.00
-2.400000e+00 -1.200000e+00 1.00
-2.200000e+00 -1.200000e+00 1.00
-2.000000e+00 -1.200000e+00 1.00
-1.800000e+00 -1.200000e+00 1.00
-1.600000e+00 -1.200000e+00 0.96
-1.400000e+00 -1.200000e+00 1.00
-1.200000e+00 -1.200000e+00 1.00
-1.000000e+00 -1.200000e+00 1.00
-8.000000e-01 -1.200000e+00 0.75
-6.000000e-01 -1.200000e+00 0.66
-4.000000e-01 -1.200000e+00 1.00
-2.000000e-01 -1.200000e+00 1.00
+0.000000e+00 -1.200000e+00 1.00
+2.000000e-01 -1.200000e+00 1.00
+4.000000e-01 -1.200000e+00 1.00
+6.000000e-01 -1.200000e+00 0.66
+8.000000e-01 -1.200000e+00 0.75
+1.000000e+00 -1.200000e+00 1.00
+1.200000e+00 -1.200000e+00 1.00
+1.400000e+00 -1.200000e+00 1.00
+1.600000e+00 -1.200000e+00 0.96
+1.800000e+00 -1.200000e+00 1.00
+2.000000e+00 -1.200000e+00 1.00
+2.200000e+00 -1.200000e+00 1.00
+2.400000e+00 -1.200000e+00 1.00
+2.600000e+00 -1.200000e+00 1.00
+2.800000e+00 -1.200000e+00 1.00
+3.000000e+00 -1.200000e+00 0.33
-2.800000e+00 -1.000000e+00 0.75
-2.600000e+00 -1.000000e+00 1.00
-2.400000e+00 -1.000000e+00 1.00
-2.200000e+00 -1.000000e+00 1.00
-2.000000e+00 -1.000000e+00 1.00
-1.800000e+00 -1.000000e+00 0.98
-1.600000e+00 -1.000000e+00 0.98
-1.400000e+00 -1.000000e+00 1.00
-1.200000e+00 -1.000000e+00 1.00
-1.000000e+00 -1.000000e+00 1.00
-8.000000e-01 -1.000000e+00 1.00
-6.000000e-01 -1.000000e+00 0.45
-4.000000e-01 -1.000000e+00 0.96
-2.000000e-01 -1.000000e+00 1.00
+0.000000e+00 -1.000000e+00 1.00
+2.000000e-01 -1.000000e+00 1.00
+4.000000e-01 -1.000000e+00 0.96
+6.000000e-01 -1.000000e+00 0.45
+8.000000e-01 -1.000000e+00 1.00
+1.000000e+00 -1.000000e+00 1.00
+1.200000e+00 -1.000000e+00 1.00
+1.400000e+00 -1.000000e+00 1.00
+1.600000e+00 -1.000000e+00 0.98
+1.800000e+00 -1.000000e+00 0.98
+2.000000e+00 -1.000000e+00 1.00
+2.200000e+00 -1.000000e+00 1.00
+2.400000e+00 -1.000000e+00 1.00
+2.600000e+00 -1.000000e+00 1.00
+2.800000e+00 -1.000000e+00 0.75
-2.800000e+00 -8.000000e-01 0.19
-2.600000e+00 -8.000000e-01 0.99
-2.400000e+00 -8.000000e-01 1.00
-2.200000e+00 -8.000000e-01 1.00
-2.000000e+00 -8.000000e-01 1.00
-1.800000e+00 -8.000000e-01 0.96
-1.600000e+00 -8.000000e-01 1.00
-1.400000e+00 -8.000000e-01 1.00
-1.200000e+00 -8.000000e-01 1.00
-1.000000e+00 -8.000000e-01 1.00
-8.000000e-01 -8.000000e-01 1.00
-6.000000e-01 -8.000000e-01 0.87
-4.000000e-01 -8.000000e-01 0.54
-2.000000e-01 -8.000000e-01 1.00
+0.000000e+00 -8.000000e-01 1.00
+2.000000e-01 -8.000000e-01 1.00
+4.000000e-01 -8.000000e-01 0.54
+6.000000e-01 -8.000000e-01 0.87
+8.000000e-01 -8.000000e-01 1.00
+1.000000e+00 -8.000000e-01 1.00
+1.200000e+00 -8.000000e-01 1.00
+1.400000e+00 -8.000000e-01 1.00
+1.600000e+00 -8.000000e-01 1.00
+1.800000e+00 -8.000000e-01 0.96
+2.000000e+00 -8.000000e-01 1.00
+2.200000e+00 -8.000000e-01 1.00
+2.400000e+00 -8.000000e-01 1.00
+2.600000e+00 -8.000000e-01 0.99
+2.800000e+00 -8.000000e-01 0.19
-2.800000e+00 -6.000000e-01 0.03
-2.600000e+00 -6.000000e-01 0.88
-2.400000e+00 -6.000000e-01 0.97
-2.200000e+00 -6.000000e-01 0.97
-2.000000e+00 -6.000000e-01 0.97
-1.800000e+00 -6.000000e-01 0.96
-1.600000e+00 -6.000000e-01 1.00
-1.400000e+00 -6.000000e-01 1.00
-1.200000e+00 -6.000000e-01 1.00
-1.000000e+00 -6.000000e-01 1.00
-8.000000e-01 -6.000000e-01 1.00
-6.000000e-01 -6.000000e-01 1.00
-4.000000e-01 -6.000000e-01 0.35
-2.000000e-01 -6.000000e-01 0.23
+0.000000e+00 -6.000000e-01 0.23
+2.000000e-01 -6.000000e-01 0.23
+4.000000e-01 -6.000000e-01 0.35
+6.000000e-01 -6.000000e-01 1.00
+8.000000e-01 -6.000000e-01 1.00
+1.000000e+00 -6.000000e-01 1.00
+1.200000e+00 -6.000000e-01 1.00
+1.400000e+00 -6.000000e-01 1.00
+1.600000e+00 -6.000000e-01 1.00
+1.800000e+00 -6.000000e-01 0.96
+2.000000e+00 -6.000000e-01 0.97
+2.200000e+00 -6.000000e-01 0.97
+2.400000e+00 -6.000000e-01 0.97
+2.600000e+00 -6.000000e-01 0.88
+2.800000e+00 -6.000000e-01 0.03
-2.800000e+00 -4.000000e-01 0.49
-2.600000e+00 -4.000000e-01 1.00
-2.400000e+00 -4.000000e-01 1.00
-2.200000e+00 -4.000000e-01 1.00
-2.000000e+00 -4.000000e-01 1.00
-1.800000e+00 -4.000000e-01 0.97
-1.600000e+00 -4.000000e-01 1.00
-1.400000e+00 -4.000000e-01 1.00
-1.200000e+00 -4.000000e-01 1.00
-1.000000e+00 -4.000000e-01 1.00
-8.000000e-01 -4.000000e-01 1.00
-6.000000e-01 -4.000000e-01 0.84
-4.000000e-01 -4.000000e-01 0.02
+4.000000e-01 -4.000000e-01 0.02
+6.000000e-01 -4.000000e-01 0.84
+8.000000e-01 -4.000000e-01 1.00
+1.000000e+00 -4.000000e-01 1.00
+1.200000e+00 -4.000000e-01 1.00
+1.400000e+00 -4.000000e-01 1.00
+1.600000e+00 -4.000000e-01 1.00
+1.800000e+00 -4.000000e-01 0.97
+2.000000e+00 -4.000000e-01 1.00
+2.200000e+00 -4.000000e-01 1.00
+2.400000e+00 -4.000000e-01 1.00
+2.600000e+00 -4.000000e-01 1.00
+2.800000e+00 -4.000000e-01 0.49
-3.000000e+00 -2.000000e-01 0.11
-2.800000e+00 -2.000000e-01 0.96
-2.600000e+00 -2.000000e-01 1.00
-2.400000e+00 -2.000000e-01 1.00
-2.200000e+00 -2.000000e-01 1.00
-2.000000e+00 -2.000000e-01 1.00
-1.800000e+00 -2.000000e-01 1.00
-1.600000e+00 -2.000000e-01 0.97
-1.400000e+00 -2.000000e-01 1.00
-1.200000e+00 -2.000000e-01 1.00
-1.000000e+00 -2.000000e-01 1.00
-8.000000e-01 -2.000000e-01 1.00
-6.000000e-01 -2.000000e-01 0.29
+6.000000e-01 -2.000000e-01 0.29
+8.000000e-01 -2.000000e-01 1.00
+1.000000e+00 -2.000000e-01 1.00
+1.200000e+00 -2.000000e-01 1.00
+1.400000e+00 -2.000000e-01 1.00
+1.600000e+00 -2.000000e-01 0.97
+1.800000e+00 -2.000000e-01 1.00
+2.000000e+00 -2.000000e-01 1.00
+2.200000e+00 -2.000000e-01 1.00
+2.400000e+00 -2.000000e-01 1.00
+2.600000e+00 -2.000000e-01 1.00
+2.800000e+00 -2.000000e-01 0.96
+3.000000e+00 -2.000000e-01 0.11
-3.000000e+00 +0.000000e+00 0.51
-2.800000e+00 +0.000000e+00 1.00
-2.600000e+00 +0.000000e+00 1.00
-2.400000e+00 +0.000000e+00 1.00
-2.200000e+00 +0.000000e+00 1.00
-2.000000e+00 +0.000000e+00 1.00
-1.800000e+00 +0.000000e+00 1.00
-1.600000e+00 +0.000000e+00 0.96
-1.400000e+00 +0.000000e+00 1.00
-1.200000e+00 +0.000000e+00 1.00
-1.000000e+00 +0.000000e+00 1.00
-8.000000e-01 +0.000000e+00 0.85
+8.000000e-01 +0.000000e+00 0.85
+1.000000e+00 +0.000000e+00 1.00
+1.200000e+00 +0.000000e+00 1.00
+1.400000e+00 +0.000000e+00 1.00
+1.600000e+00 +0.000000e+00 0.96
+1.800000e+00 +0.000000e+00 1.00
+2.000000e+00 +0.000000e+00 1.00
+2.200000e+00 +0.000000e+00 1.00
+2.400000e+00 +0.000000e+00 1.00
+2.600000e+00 +0.000000e+00 1.00
+2.800000e+00 +0.000000e+00 1.00
+3.000000e+00 +0.000000e+00 0.51
-3.000000e+00 +2.000000e-01 0.11
-2.800000e+00 +2.000000e-01 0.96
-2.600000e+00 +2.000000e-01 1.00
-2.400000e+00 +2.000000e-01 1.00
-2.200000e+00 +2.000000e-01 1.00
-2.000000e+00 +2.000000e-01 1.00
-1.800000e+00 +2.000000e-01 1.00
-1.600000e+00 +2.000000e-01 0.97
-1.400000e+00 +2.000000e-01 1.00
-1.200000e+00 +2.000000e-01 1.00
-1.000000e+00 +2.000000e-01 1.00
-8.000000e-01 +2.000000e-01 1.00
-6.000000e-01 +2.000000e-01 0.29
+6.000000e-01 +2.000000e-01 0.29
+8.000000e-01 +2.000000e-01 1.00
+1.000000e+00 +2.000000e-01 1.00
+1.200000e+00 +2.000000e-01 1.00
+1.400000e+00 +2.000000e-01 1.00
+1.600000e+00 +2.000000e-01 0.97
+1.800000e+00 +2.000000e-01 1.00
+2.000000e+00 +2.000000e-01 1.00
+2.200000e+00 +2.000000e-01 1.00
+2.400000e+00 +2.000000e-01 1.00
+2.600000e+00 +2.000000e-01 1.00
+2.800000e+00 +2.000000e-01 0.96
+3.000000e+00 +2.000000e-01 0.11
-2.800000e+00 +4.000000e-01 0.49
-2.600000e+00 +4.000000e-01 1.00
-2.400000e+00 +4.000000e-01 1.00
-2.200000e+00 +4.000000e-01 1.00
-2.000000e+00 +4.000000e-01 1.00
-1.800000e+00 +4.000000e-01 0.97
-1.600000e+00 +4.000000e-01 1.00
-1.400000e+00 +4.000000e-01 1.00
-1.200000e+00 +4.000000e-01 1.00
-1.000000e+00 +4.000000e-01 1.00
-8.000000e-01 +4.000000e-01 1.00
-6.000000e-01 +4.000000e-01 0.84
-4.000000e-01 +4.000000e-01 0.02
+4.000000e-01 +4.000000e-01 0.02
+6.000000e-01 +4.000000e-01 0.84
+8.000000e-01 +4.000000e-01 1.00
+1.000000e+00 +4.000000e-01 1.00
+1.200000e+00 +4.000000e-01 1.00
+1.400000e+00 +4.000000e-01 1.00
+1.600000e+00 +4.000000e-01 1.00
+1.800000e+00 +4.000000e-01 0.97
+2.000000e+00 +4.000000e-01 1.00
+2.200000e+00 +4.000000e-01 1.00
+2.400000e+00 +4.000000e-01 1.00
+2.600000e+00 +4.000000e-01 1.00
+2.800000e+00 +4.000000e-01 0.49
-2.800000e+00 +6.000000e-01 0.03
-2.600000e+00 +6.000000e-01 0.88
-2.400000e+00 +6.000000e-01 0.97
-2.200000e+00 +6.000000e-01 0.97
-2.000000e+00 +6.000000e-01 0.97
-1.800000e+00 +6.000000e-01 0.96
-1.600000e+00 +6.000000e-01 1.00
-1.400000e+00 +6.000000e-01 1.00
-1.200000e+00 +6.000000e-01 1.00
-1.000000e+00 +6.000000e-01 1.00
-8.000000e-01 +6.000000e-01 1.00
-6.000000e-01 +6.000000e-01 1.00
-4.000000e-01 +6.000000e-01 0.51
-2.000000e-01 +6.000000e-01 0.23
+0.000000e+00 +6.000000e-01 0.11
+2.000000e-01 +6.000000e-01 0.23
+4.000000e-01 +6.000000e-01 0.51
+6.000000e-01 +6.000000e-01 1.00
+8.000000e-01 +6.000000e-01 1.00
+1.000000e+00 +6.000000e-01 1.00
+1.200000e+00 +6.000000e-01 1.00
+1.400000e+00 +6.000000e-01 1.00
+1.600000e+00 +6.000000e-01 1.00
+1.800000e+00 +6.000000e-01 0.96
+2.000000e+00 +6.000000e-01 0.97
+2.200000e+00 +6.000000e-01 0.97
+2.400000e+00 +6.000000e-01 0.97
+2.600000e+00 +6.000000e-01 0.88
+2.800000e+00 +6.000000e-01 0.03
-2.800000e+00 +8.000000e-01 0.19
-2.600000e+00 +8.000000e-01 0.99
-2.400000e+00 +8.000000e-01 1.00
-2.200000e+00 +8.000000e-01 1.00
-2.000000e+00 +8.000000e-01 1.00
-1.800000e+00 +8.000000e-01 0.96
-1.600000e+00 +8.000000e-01 1.00
-1.400000e+00 +8.000000e-01 1.00
-1.200000e+00 +8.000000e-01 1.00
-1.000000e+00 +8.000000e-01 1.00
-8.000000e-01 +8.000000e-01 1.00
-6.000000e-01 +8.000000e-01 0.99
-4.000000e-01 +8.000000e-01 0.97
-2.000000e-01 +8.000000e-01 1.00
+0.000000e+00 +8.000000e-01 0.48
+2.000000e-01 +8.000000e-01 1.00
+4.000000e-01 +8.000000e-01 0.97
+6.000000e-01 +8.000000e-01 0.99
+8.000000e-01 +8.000000e-01 1.00
+1.000000e+00 +8.000000e-01 1.00
+1.200000e+00 +8.000000e-01 1.00
+1.400000e+00 +8.000000e-01 1.00
+1.600000e+00 +8.000000e-01 1.00
+1.800000e+00 +8.000000e-01 0.96
+2.000000e+00 +8.000000e-01 1.00
+2.200000e+00 +8.000000e-01 1.00
+2.400000e+00 +8.000000e-01 1.00
+2.600000e+00 +8.000000e-01 0.99
+2.800000e+00 +8.000000e-01 0.19
-2.800000e+00 +1.000000e+00 0.75
-2.600000e+00 +1.000000e+00 1.00
-2.400000e+00 +1.000000e+00 1.00
-2.200000e+00 +1.000000e+00 1.00
-2.000000e+00 +1.000000e+00 1.00
-1.800000e+00 +1.000000e+00 0.98
-1.600000e+00 +1.000000e+00 0.98
-1.400000e+00 +1.000000e+00 1.00
-1.200000e+00 +1.000000e+00 1.00
-1.000000e+00 +1.000000e+00 1.00
-8.000000e-01 +1.000000e+00 1.00
-6.000000e-01 +1.000000e+00 0.96
-4.000000e-01 +1.000000e+00 1.00
-2.000000e-01 +1.000000e+00 1.00
+0.000000e+00 +1.000000e+00 0.48
+2.000000e-01 +1.000000e+00 1.00
+4.000000e-01 +1.000000e+00 1.00
+6.000000e-01 +1.000000e+00 0.96
+8.000000e-01 +1.000000e+00 1.00
+1.000000e+00 +1.000000e+00 1.00
+1.200000e+00 +1.000000e+00 1.00
+1.400000e+00 +1.000000e+00 1.00
+1.600000e+00 +1.000000e+00 0.98
+1.800000e+00 +1.000000e+00 0.98
+2.000000e+00 +1.000000e+00 1.00
+2.200000e+00 +1.000000e+00 1.00
+2.400000e+00 +1.000000e+00 1.00
+2.600000e+00 +1.000000e+00 1.00
+2.800000e+00 +1.000000e+00 0.75
-3.000000e+00 +1.200000e+00 0.33
-2.800000e+00 +1.200000e+00 1.00
-2.600000e+00 +1.200000e+00 1.00
-2.400000e+00 +1.200000e+00 1.00
-2.200000e+00 +1.200000e+00 1.00
-2.000000e+00 +1.200000e+00 1.00
-1.800000e+00 +1.200000e+00 1.00
-1.600000e+00 +1.200000e+00 0.96
-1.400000e+00 +1.200000e+00 1.00
-1.200000e+00 +1.200000e+00 1.00
-1.000000e+00 +1.200000e+00 1.00
-8.000000e-01 +1.200000e+00 0.98
-6.000000e-01 +1.200000e+00 0.98
-4.000000e-01 +1.200000e+00 1.00
-2.000000e-01 +1.200000e+00 1.00
+0.000000e+00 +1.200000e+00 0.48
+2.000000e-01 +1.200000e+00 1.00
+4.000000e-01 +1.200000e+00 1.00
+6.000000e-01 +1.200000e+00 0.98
+8.000000e-01 +1.200000e+00 0.98
+1.000000e+00 +1.200000e+00 1.00
+1.200000e+00 +1.200000e+00 1.00
+1.400000e+00 +1.200000e+00 1.00
+1.600000e+00 +1.200000e+00 0.96
+1.800000e+00 +1.200000e+00 1.00
+2.000000e+00 +1.200000e+00 1.00
+2.200000e+00 +1.200000e+00 1.00
+2.400000e+00 +1.200000e+00 1.00
+2.600000e+00 +1.200000e+00 1.00
+2.800000e+00 +1.200000e+00 1.00
+3.000000e+00 +1.200000e+00 0.33
-3.000000e+00 +1.400000e+00 0.40
-2.800000e+00 +1.400000e+00 1.00
-2.600000e+00 +1.400000e+00 1.00
-2.400000e+00 +1.400000e+00 1.00
-2.200000e+00 +1.400000e+00 1.00
-2.000000e+00 +1.400000e+00 1.00
-1.800000e+00 +1.400000e+00 1.00
-1.600000e+00 +1.400000e+00 0.96
-1.400000e+00 +1.400000e+00 0.97
-1.200000e+00 +1.400000e+00 0.97
-1.000000e+00 +1.400000e+00 0.97
-8.000000e-01 +1.400000e+00 0.96
-6.000000e-01 +1.400000e+00 0.98
-4.000000e-01 +1.400000e+00 1.00
-2.000000e-01 +1.400000e+00 1.00
+0.000000e+00 +1.400000e+00 0.48
+2.000000e-01 +1.400000e+00 1.00
+4.000000e-01 +1.400000e+00 1.00
+6.000000e-01 +1.400000e+00 0.98
+8.000000e-01 +1.400000e+00 0.96
+1.000000e+00 +1.400000e+00 0.97
+1.200000e+00 +1.400000e+00 0.97
+1.400000e+00 +1.400000e+00 0.97
+1.600000e+00 +1.400000e+00 0.96
+1.800000e+00 +1.400000e+00 1.00
+2.000000e+00 +1.400000e+00 1.00
+2.200000e+00 +1.400000e+00 1.00
+2.400000e+00 +1.400000e+00 1.00
+2.600000e+00 +1.400000e+00 1.00
+2.800000e+00 +1.400000e+00 1.00
+3.000000e+00 +1.400000e+00 0.40
-3.000000e+00 +1.600000e+00 0.01
-2.800000e+00 +1.600000e+00 0.81
-2.600000e+00 +1.600000e+00 1.00
-2.400000e+00 +1.600000e+00 1.00
-2.200000e+00 +1.600000e+00 1.00
-2.000000e+00 +1.600000e+00 1.00
-1.800000e+00 +1.600000e+00 0.99
-1.600000e+00 +1.600000e+00 0.98
-1.400000e+00 +1.600000e+00 1.00
-1.200000e+00 +1.600000e+00 1.00
-1.000000e+00 +1.600000e+00 1.00
-8.000000e-01 +1.600000e+00 1.00
-6.000000e-01 +1.600000e+00 0.96
-4.000000e-01 +1.600000e+00 1.00
-2.000000e-01 +1.600000e+00 1.00
+0.000000e+00 +1.600000e+00 0.48
+2.000000e-01 +1.600000e+00 1.00
+4.000000e-01 +1.600000e+00 1.00
+6.000000e-01 +1.600000e+00 0.96
+8.000000e-01 +1.600000e+00 1.00
+1.000000e+00 +1.600000e+00 1.00
+1.200000e+00 +1.600000e+00 1.00
+1.400000e+00 +1.600000e+00 1.00
+1.600000e+00 +1.600000e+00 0.98
+1.800000e+00 +1.600000e+00 0.99
+2.000000e+00 +1.600000e+00 1.00
+2.200000e+00 +1.600000e+00 1.00
+2.400000e+00 +1.600000e+00 1.00
+2.600000e+00 +1.600000e+00 1.00
+2.800000e+00 +1.600000e+00 0.81
+3.000000e+00 +1.600000e+00 0.01
-2.800000e+00 +1.800000e+00 0.24
-2.600000e+00 +1.800000e+00 1.00
-2.400000e+00 +1.800000e+00 1.00
-2.200000e+00 +1.800000e+00 1.00
-2.000000e+00 +1.800000e+00 1.00
-1.800000e+00 +1.800000e+00 0.96
-1.600000e+00 +1.800000e+00 1.00
-1.400000e+00 +1.800000e+00 1.00
-1.200000e+00 +1.800000e+00 1.00
-1.000000e+00 +1.800000e+00 1.00
-8.000000e-01 +1.800000e+00 1.00
-6.000000e-01 +1.800000e+00 0.99
-4.000000e-01 +1.800000e+00 0.98
-2.000000e-01 +1.800000e+00 1.00
+0.000000e+00 +1.800000e+00 0.48
+2.000000e-01 +1.800000e+00 1.00
+4.000000e-01 +1.800000e+00 0.98
+6.000000e-01 +1.800000e+00 0.99
+8.000000e-01 +1.800000e+00 1.00
+1.000000e+00 +1.800000e+00 1.00
+1.200000e+00 +1.800000e+00 1.00
+1.400000e+00 +1.800000e+00 1.00
+1.600000e+00 +1.800000e+00 1.00
+1.800000e+00 +1.800000e+00 0.96
+2.000000e+00 +1.800000e+00 1.00
+2.200000e+00 +1.800000e+00 1.00
+2.400000e+00 +1.800000e+00 1.00
+2.600000e+00 +1.800000e+00 1.00
+2.800000e+00 +1.800000e+00 0.24
-2.600000e+00 +2.000000e+00 0.28
-2.400000e+00 +2.000000e+00 0.32
-2.200000e+00 +2.000000e+00 0.32
-2.000000e+00 +2.000000e+00 0.32
-1.800000e+00 +2.000000e+00 0.84
-1.600000e+00 +2.000000e+00 1.00
-1.400000e+00 +2.000000e+00 1.00
-1.200000e+00 +2.000000e+00 1.00
-1.000000e+00 +2.000000e+00 1.00
-8.000000e-01 +2.000000e+00 1.00
-6.000000e-01 +2.000000e+00 1.00
-4.000000e-01 +2.000000e+00 0.95
-2.000000e-01 +2.000000e+00 0.97
+0.000000e+00 +2.000000e+00 0.47
+2.000000e-01 +2.000000e+00 0.97
+4.000000e-01 +2.000000e+00 0.95
+6.000000e-01 +2.000000e+00 1.00
+8.000000e-01 +2.000000e+00 1.00
+1.000000e+00 +2.000000e+00 1.00
+1.200000e+00 +2.000000e+00 1.00
+1.400000e+00 +2.000000e+00 1.00
+1.600000e+00 +2.000000e+00 1.00
+1.800000e+00 +2.000000e+00 0.84
+2.000000e+00 +2.000000e+00 0.32
+2.200000e+00 +2.000000e+00 0.32
+2.400000e+00 +2.000000e+00 0.32
+2.600000e+00 +2.000000e+00 0.28
-1.800000e+00 +2.200000e+00 0.29
-1.600000e+00 +2.200000e+00 1.00
-1.400000e+00 +2.200000e+00 1.00
-1.200000e+00 +2.200000e+00 1.00
-1.000000e+00 +2.200000e+00 1.00
-8.000000e-01 +2.200000e+00 1.00
-6.000000e-01 +2.200000e+00 0.98
-4.000000e-01 +2.200000e+00 0.98
-2.000000e-01 +2.200000e+00 1.00
+0.000000e+00 +2.200000e+00 0.23
+2.000000e-01 +2.200000e+00 1.00
+4.000000e-01 +2.200000e+00 0.98
+6.000000e-01 +2.200000e+00 0.98
+8.000000e-01 +2.200000e+00 1.00
+1.000000e+00 +2.200000e+00 1.00
+1.200000e+00 +2.200000e+00 1.00
+1.400000e+00 +2.200000e+00 1.00
+1.600000e+00 +2.200000e+00 1.00
+1.800000e+00 +2.200000e+00 0.29
-1.600000e+00 +2.400000e+00 0.71
-1.400000e+00 +2.400000e+00 1.00
-1.200000e+00 +2.400000e+00 1.00
-1.000000e+00 +2.400000e+00 1.00
-8.000000e-01 +2.400000e+00 1.00
-6.000000e-01 +2.400000e+00 0.96
-4.000000e-01 +2.400000e+00 1.00
-2.000000e-01 +2.400000e+00 1.00
+0.000000e+00 +2.400000e+00 0.36
+2.000000e-01 +2.400000e+00 1.00
+4.000000e-01 +2.400000e+00 1.00
+6.000000e-01 +2.400000e+00 0.96
+8.000000e-01 +2.400000e+00 1.00
+1.000000e+00 +2.400000e+00 1.00
+1.200000e+00 +2.400000e+00 1.00
+1.400000e+00 +2.400000e+00 1.00
+1.600000e+00 +2.400000e+00 0.71
-1.600000e+00 +2.600000e+00 0.15
-1.400000e+00 +2.600000e+00 0.61
-1.200000e+00 +2.600000e+00 0.61
-1.000000e+00 +2.600000e+00 0.61
-8.000000e-01 +2.600000e+00 0.66
-6.000000e-01 +2.600000e+00 0.99
-4.000000e-01 +2.600000e+00 1.00
-2.000000e-01 +2.600000e+00 1.00
+0.000000e+00 +2.600000e+00 0.44
+2.000000e-01 +2.600000e+00 1.00
+4.000000e-01 +2.600000e+00 1.00
+6.000000e-01 +2.600000e+00 0.99
+8.000000e-01 +2.600000e+00 0.66
+1.000000e+00 +2.600000e+00 0.61
+1.200000e+00 +2.600000e+00 0.61
+1.400000e+00 +2.600000e+00 0.61
+1.600000e+00 +2.600000e+00 0.15
-6.000000e-01 +2.800000e+00 0.76
-4.000000e-01 +2.800000e+00 1.00
-2.000000e-01 +2.800000e+00 1.00
+0.000000e+00 +2.800000e+00 0.48
+2.000000e-01 +2.800000e+00 1.00
+4.000000e-01 +2.800000e+00 1.00
+6.000000e-01 +2.800000e+00 0.76
-6.000000e-01 +3.000000e+00 0.19
-4.000000e-01 +3.000000e+00 0.99
-2.000000e-01 +3.000000e+00 1.00
+0.000000e+00 +3.000000e+00 0.48
+2.000000e-01 +3.000000e+00 1.00
+4.000000e-01 +3.000000e+00 0.99
+6.000000e-01 +3.000000e+00 0.19
-4.000000e-01 +3.200000e+00 0.58
-2.000000e-01 +3.200000e+00 0.90
+0.000000e+00 +3.200000e+00 0.44
+2.000000e-01 +3.200000e+00 0.90
+4.000000e-01 +3.200000e+00 0.58
