-6.000000e-01 -2.700000e+00 0.15
-3.000000e-01 -2.700000e+00 0.98
+0.000000e+00 -2.700000e+00 1.00
+3.000000e-01 -2.700000e+00 0.98
+6.000000e-01 -2.700000e+00 0.15
-1.200000e+00 -2.400000e+00 0.28
-9.000000e-01 -2.400000e+00 0.38
-6.000000e-01 -2.400000e+00 0.75
-3.000000e-01 -2.400000e+00 1.00
+0.000000e+00 -2.400000e+00 1.00
+3.000000e-01 -2.400000e+00 1.00
+6.000000e-01 -2.400000e+00 0.75
+9.000000e-01 -2.400000e+00 0.38
+1.200000e+00 -2.400000e+00 0.28
-1.500000e+00 -2.100000e+00 0.57
-1.200000e+00 -2.100000e+00 0.57
-9.000000e-01 -2.100000e+00 1.00
-6.000000e-01 -2.100000e+00 0.97
-3.000000e-01 -2.100000e+00 1.00
+0.000000e+00 -2.100000e+00 1.00
+3.000000e-01 -2.100000e+00 1.00
+6.000000e-01 -2.100000e+00 0.97
+9.000000e-01 -2.100000e+00 1.00
+1.200000e+00 -2.100000e+00 0.57
+1.500000e+00 -2.100000e+00 0.57
-2.400000e+00 -1.800000e+00 0.23
-2.100000e+00 -1.800000e+00 0.41
-1.800000e+00 -1.800000e+00 0.43
-1.500000e+00 -1.800000e+00 0.98
-1.200000e+00 -1.800000e+00 0.81
-9.000000e-01 -1.800000e+00 0.76
-6.000000e-01 -1.800000e+00 1.00
-3.000000e-01 -1.800000e+00 0.96
+0.000000e+00 -1.800000e+00 0.98
+3.000000e-01 -1.800000e+00 0.96
+6.000000e-01 -1.800000e+00 1.00
+9.000000e-01 -1.800000e+00 0.76
+1.200000e+00 -1.800000e+00 0.81
+1.500000e+00 -1.800000e+00 0.98
+1.800000e+00 -1.800000e+00 0.43
+2.100000e+00 -1.800000e+00 0.41
+2.400000e+00 -1.800000e+00 0.23
-2.400000e+00 -1.500000e+00 0.27
-2.100000e+00 -1.500000e+00 0.86
-1.800000e+00 -1.500000e+00 1.00
-1.500000e+00 -1.500000e+00 0.97
-1.200000e+00 -1.500000e+00 1.00
-9.000000e-01 -1.500000e+00 0.58
-6.000000e-01 -1.500000e+00 0.97
-3.000000e-01 -1.500000e+00 1.00
+0.000000e+00 -1.500000e+00 1.00
+3.000000e-01 -1.500000e+00 1.00
+6.000000e-01 -1.500000e+00 0.97
+9.000000e-01 -1.500000e+00 0.58
+1.200000e+00 -1.500000e+00 1.00
+1.500000e+00 -1.500000e+00 0.97
+1.800000e+00 -1.500000e+00 1.00
+2.100000e+00 -1.500000e+00 0.86
+2.400000e+00 -1.500000e+00 0.27
-2.700000e+00 -1.200000e+00 0.42
-2.400000e+00 -1.200000e+00 0.54
-1.800000e+00 -1.200000e+00 0.44
-1.500000e+00 -1.200000e+00 0.91
-1.200000e+00 -1.200000e+00 0.98
-9.000000e-01 -1.200000e+00 0.90
-6.000000e-01 -1.200000e+00 0.65
-3.000000e-01 -1.200000e+00 1.00
+0.000000e+00 -1.200000e+00 1.00
+3.000000e-01 -1.200000e+00 1.00
+6.000000e-01 -1.200000e+00 0.65
+9.000000e-01 -1.200000e+00 0.90
+1.200000e+00 -1.200000e+00 0.98
+1.500000e+00 -1.200000e+00 0.91
+1.800000e+00 -1.200000e+00 0.44
+2.400000e+00 -1.200000e+00 0.54
+2.700000e+00 -1.200000e+00 0.42
-2.700000e+00 -9.000000e-01 0.10
-2.400000e+00 -9.000000e-01 0.96
-2.100000e+00 -9.000000e-01 0.90
-1.800000e+00 -9.000000e-01 0.37
-1.200000e+00 -9.000000e-01 0.62
-9.000000e-01 -9.000000e-01 0.99
-6.000000e-01 -9.000000e-01 0.63
-3.000000e-01 -9.000000e-01 0.63
+0.000000e+00 -9.000000e-01 0.47
+3.000000e-01 -9.000000e-01 0.63
+6.000000e-01 -9.000000e-01 0.63
+9.000000e-01 -9.000000e-01 0.99
+1.200000e+00 -9.000000e-01 0.62
+1.800000e+00 -9.000000e-01 0.37
+2.100000e+00 -9.000000e-01 0.90
+2.400000e+00 -9.000000e-01 0.96
+2.700000e+00 -9.000000e-01 0.10
-2.400000e+00 -6.000000e-01 0.60
-2.100000e+00 -6.000000e-01 0.98
-1.800000e+00 -6.000000e-01 0.96
-1.500000e+00 -6.000000e-01 0.79
-1.200000e+00 -6.000000e-01 0.22
-9.000000e-01 -6.000000e-01 0.19
-6.000000e-01 -6.000000e-01 0.23
+6.000000e-01 -6.000000e-01 0.23
+9.000000e-01 -6.000000e-01 0.19
+1.200000e+00 -6.000000e-01 0.22
+1.500000e+00 -6.000000e-01 0.79
+1.800000e+00 -6.000000e-01 0.96
+2.100000e+00 -6.000000e-01 0.98
+2.400000e+00 -6.000000e-01 0.60
-2.400000e+00 -3.000000e-01 0.94
-2.100000e+00 -3.000000e-01 1.00
-1.800000e+00 -3.000000e-01 1.00
-1.500000e+00 -3.000000e-01 0.97
-1.200000e+00 -3.000000e-01 1.00
-9.000000e-01 -3.000000e-01 0.45
+9.000000e-01 -3.000000e-01 0.45
+1.200000e+00 -3.000000e-01 1.00
+1.500000e+00 -3.000000e-01 0.97
+1.800000e+00 -3.000000e-01 1.00
+2.100000e+00 -3.000000e-01 1.00
+2.400000e+00 -3.000000e-01 0.94
-2.700000e+00 +0.000000e+00 0.46
-2.400000e+00 +0.000000e+00 1.00
-2.100000e+00 +0.000000e+00 1.00
-1.800000e+00 +0.000000e+00 1.00
-1.500000e+00 +0.000000e+00 0.97
-1.200000e+00 +0.000000e+00 0.98
-9.000000e-01 +0.000000e+00 0.46
+9.000000e-01 +0.000000e+00 0.46
+1.200000e+00 +0.000000e+00 0.98
+1.500000e+00 +0.000000e+00 0.97
+1.800000e+00 +0.000000e+00 1.00
+2.100000e+00 +0.000000e+00 1.00
+2.400000e+00 +0.000000e+00 1.00
+2.700000e+00 +0.000000e+00 0.46
-2.400000e+00 +3.000000e-01 0.94
-2.100000e+00 +3.000000e-01 1.00
-1.800000e+00 +3.000000e-01 1.00
-1.500000e+00 +3.000000e-01 0.97
-1.200000e+00 +3.000000e-01 1.00
-9.000000e-01 +3.000000e-01 0.65
+9.000000e-01 +3.000000e-01 0.65
+1.200000e+00 +3.000000e-01 1.00
+1.500000e+00 +3.000000e-01 0.97
+1.800000e+00 +3.000000e-01 1.00
+2.100000e+00 +3.000000e-01 1.00
+2.400000e+00 +3.000000e-01 0.94
-2.400000e+00 +6.000000e-01 0.60
-2.100000e+00 +6.000000e-01 0.98
-1.800000e+00 +6.000000e-01 0.96
-1.500000e+00 +6.000000e-01 0.99
-1.200000e+00 +6.000000e-01 1.00
-9.000000e-01 +6.000000e-01 0.99
-6.000000e-01 +6.000000e-01 0.25
+6.000000e-01 +6.000000e-01 0.25
+9.000000e-01 +6.000000e-01 0.99
+1.200000e+00 +6.000000e-01 1.00
+1.500000e+00 +6.000000e-01 0.99
+1.800000e+00 +6.000000e-01 0.96
+2.100000e+00 +6.000000e-01 0.98
+2.400000e+00 +6.000000e-01 0.60
-2.700000e+00 +9.000000e-01 0.10
-2.400000e+00 +9.000000e-01 0.96
-2.100000e+00 +9.000000e-01 1.00
-1.800000e+00 +9.000000e-01 1.00
-1.500000e+00 +9.000000e-01 0.97
-1.200000e+00 +9.000000e-01 1.00
-9.000000e-01 +9.000000e-01 1.00
-6.000000e-01 +9.000000e-01 0.96
-3.000000e-01 +9.000000e-01 0.64
+3.000000e-01 +9.000000e-01 0.64
+6.000000e-01 +9.000000e-01 0.96
+9.000000e-01 +9.000000e-01 1.00
+1.200000e+00 +9.000000e-01 1.00
+1.500000e+00 +9.000000e-01 0.97
+1.800000e+00 +9.000000e-01 1.00
+2.100000e+00 +9.000000e-01 1.00
+2.400000e+00 +9.000000e-01 0.96
+2.700000e+00 +9.000000e-01 0.10
-2.700000e+00 +1.200000e+00 0.44
-2.400000e+00 +1.200000e+00 1.00
-2.100000e+00 +1.200000e+00 1.00
-1.800000e+00 +1.200000e+00 1.00
-1.500000e+00 +1.200000e+00 0.97
-1.200000e+00 +1.200000e+00 0.98
-9.000000e-01 +1.200000e+00 0.98
-6.000000e-01 +1.200000e+00 0.97
-3.000000e-01 +1.200000e+00 0.99
+3.000000e-01 +1.200000e+00 0.99
+6.000000e-01 +1.200000e+00 0.97
+9.000000e-01 +1.200000e+00 0.98
+1.200000e+00 +1.200000e+00 0.98
+1.500000e+00 +1.200000e+00 0.97
+1.800000e+00 +1.200000e+00 1.00
+2.100000e+00 +1.200000e+00 1.00
+2.400000e+00 +1.200000e+00 1.00
+2.700000e+00 +1.200000e+00 0.44
-2.400000e+00 +1.500000e+00 0.92
-2.100000e+00 +1.500000e+00 1.00
-1.800000e+00 +1.500000e+00 1.00
-1.500000e+00 +1.500000e+00 0.97
-1.200000e+00 +1.500000e+00 1.00
-9.000000e-01 +1.500000e+00 1.00
-6.000000e-01 +1.500000e+00 0.98
-3.000000e-01 +1.500000e+00 0.99
+3.000000e-01 +1.500000e+00 0.99
+6.000000e-01 +1.500000e+00 0.98
+9.000000e-01 +1.500000e+00 1.00
+1.200000e+00 +1.500000e+00 1.00
+1.500000e+00 +1.500000e+00 0.97
+1.800000e+00 +1.500000e+00 1.00
+2.100000e+00 +1.500000e+00 1.00
+2.400000e+00 +1.500000e+00 0.92
-2.400000e+00 +1.800000e+00 0.23
-2.100000e+00 +1.800000e+00 0.41
-1.800000e+00 +1.800000e+00 0.43
-1.500000e+00 +1.800000e+00 0.98
-1.200000e+00 +1.800000e+00 1.00
-9.000000e-01 +1.800000e+00 1.00
-6.000000e-01 +1.800000e+00 1.00
-3.000000e-01 +1.800000e+00 0.95
+3.000000e-01 +1.800000e+00 0.95
+6.000000e-01 +1.800000e+00 1.00
+9.000000e-01 +1.800000e+00 1.00
+1.200000e+00 +1.800000e+00 1.00
+1.500000e+00 +1.800000e+00 0.98
+1.800000e+00 +1.800000e+00 0.43
+2.100000e+00 +1.800000e+00 0.41
+2.400000e+00 +1.800000e+00 0.23
-1.500000e+00 +2.100000e+00 0.57
-1.200000e+00 +2.100000e+00 1.00
-9.000000e-01 +2.100000e+00 1.00
-6.000000e-01 +2.100000e+00 0.97
-3.000000e-01 +2.100000e+00 0.99
+3.000000e-01 +2.100000e+00 0.99
+6.000000e-01 +2.100000e+00 0.97
+9.000000e-01 +2.100000e+00 1.00
+1.200000e+00 +2.100000e+00 1.00
+1.500000e+00 +2.100000e+00 0.57
-1.200000e+00 +2.400000e+00 0.39
-9.000000e-01 +2.400000e+00 0.38
-6.000000e-01 +2.400000e+00 0.75
-3.000000e-01 +2.400000e+00 0.99
+3.000000e-01 +2.400000e+00 0.99
+6.000000e-01 +2.400000e+00 0.75
+9.000000e-01 +2.400000e+00 0.38
+1.200000e+00 +2.400000e+00 0.39
-6.000000e-01 +2.700000e+00 0.15
-3.000000e-01 +2.700000e+00 0.97
+3.000000e-01 +2.700000e+00 0.97
+6.000000e-01 +2.700000e+00 0.15
