-3.000000e-01 -3.000000e+00 0.30
+0.000000e+00 -3.000000e+00 0.65
+3.000000e-01 -3.000000e+00 0.32
-3.000000e-01 -2.700000e+00 0.90
+0.000000e+00 -2.700000e+00 1.00
+3.000000e-01 -2.700000e+00 0.91
-3.000000e-01 -2.400000e+00 0.62
+0.000000e+00 -2.400000e+00 1.00
+3.000000e-01 -2.400000e+00 0.64
+2.100000e+00 -1.800000e+00 0.18
+2.400000e+00 -1.800000e+00 0.24
+1.800000e+00 -1.500000e+00 0.13
+2.100000e+00 -1.500000e+00 0.97
+2.400000e+00 -1.500000e+00 1.00
+2.700000e+00 -1.500000e+00 0.36
+1.800000e+00 -1.200000e+00 0.23
+2.100000e+00 -1.200000e+00 1.00
+2.400000e+00 -1.200000e+00 1.00
+2.700000e+00 -1.200000e+00 0.49
+2.100000e+00 -9.000000e-01 0.38
+2.400000e+00 -9.000000e-01 0.47
-2.700000e+00 -3.000000e-01 0.13
-2.400000e+00 -3.000000e-01 0.85
-2.100000e+00 -3.000000e-01 0.77
-2.700000e+00 +0.000000e+00 0.55
-2.400000e+00 +0.000000e+00 1.00
-2.100000e+00 +0.000000e+00 1.00
-1.800000e+00 +0.000000e+00 0.33
-2.700000e+00 +3.000000e-01 0.14
-2.400000e+00 +3.000000e-01 0.87
-2.100000e+00 +3.000000e-01 0.79
-2.400000e+00 +9.000000e-01 0.44
-2.100000e+00 +9.000000e-01 0.37
+2.100000e+00 +9.000000e-01 0.36
+2.400000e+00 +9.000000e-01 0.45
-2.700000e+00 +1.200000e+00 0.45
-2.400000e+00 +1.200000e+00 1.00
-2.100000e+00 +1.200000e+00 1.00
-1.800000e+00 +1.200000e+00 0.24
+1.800000e+00 +1.200000e+00 0.22
+2.100000e+00 +1.200000e+00 1.00
+2.400000e+00 +1.200000e+00 1.00
+2.700000e+00 +1.200000e+00 0.48
-2.700000e+00 +1.500000e+00 0.35
-2.400000e+00 +1.500000e+00 1.00
-2.100000e+00 +1.500000e+00 0.98
-1.800000e+00 +1.500000e+00 0.15
-1.200000e+00 +1.500000e+00 0.25
-9.000000e-01 +1.500000e+00 0.14
+9.000000e-01 +1.500000e+00 0.14
+1.200000e+00 +1.500000e+00 0.25
+1.800000e+00 +1.500000e+00 0.14
+2.100000e+00 +1.500000e+00 0.97
+2.400000e+00 +1.500000e+00 1.00
+2.700000e+00 +1.500000e+00 0.37
-2.400000e+00 +1.800000e+00 0.26
-2.100000e+00 +1.800000e+00 0.20
-1.500000e+00 +1.800000e+00 0.53
-1.200000e+00 +1.800000e+00 1.00
-9.000000e-01 +1.800000e+00 0.89
+9.000000e-01 +1.800000e+00 0.88
+1.200000e+00 +1.800000e+00 1.00
+1.500000e+00 +1.800000e+00 0.55
+2.100000e+00 +1.800000e+00 0.20
+2.400000e+00 +1.800000e+00 0.26
-1.500000e+00 +2.100000e+00 0.65
-1.200000e+00 +2.100000e+00 1.00
-9.000000e-01 +2.100000e+00 0.95
+9.000000e-01 +2.100000e+00 0.95
+1.200000e+00 +2.100000e+00 1.00
+1.500000e+00 +2.100000e+00 0.67
-1.500000e+00 +2.400000e+00 0.10
-1.200000e+00 +2.400000e+00 0.47
-9.000000e-01 +2.400000e+00 0.29
+9.000000e-01 +2.400000e+00 0.28
+1.200000e+00 +2.400000e+00 0.47
+1.500000e+00 +2.400000e+00 0.11
