+0.0000000000e+00 -8.8000000000e-01 0.32
+3.8105117767e-01 -1.5400000000e+00 0.97
-3.8105117767e-01 -1.5400000000e+00 0.98
+0.0000000000e+00 +1.7600000000e+00 0.47
+3.8105117767e-01 +1.1000000000e+00 0.64
-3.8105117767e-01 +1.1000000000e+00 0.63
+0.0000000000e+00 -2.2000000000e+00 0.99
+3.8105117767e-01 -2.8600000000e+00 0.81
-3.8105117767e-01 -2.8600000000e+00 0.82
+0.0000000000e+00 +3.0800000000e+00 0.49
+3.8105117767e-01 +2.4200000000e+00 0.81
-3.8105117767e-01 +2.4200000000e+00 0.80
+0.0000000000e+00 -3.5200000000e+00 0.82
-1.1431535330e+00 -2.2000000000e-01 0.63
-7.6210235533e-01 -8.8000000000e-01 0.51
-1.5242047107e+00 -8.8000000000e-01 0.47
-1.1431535330e+00 +1.1000000000e+00 0.99
-7.6210235533e-01 +4.4000000000e-01 0.33
-1.5242047107e+00 +4.4000000000e-01 0.99
-1.1431535330e+00 -1.5400000000e+00 0.82
-7.6210235533e-01 -2.2000000000e+00 0.98
-1.5242047107e+00 -2.2000000000e+00 0.65
-1.1431535330e+00 +2.4200000000e+00 0.81
-7.6210235533e-01 +1.7600000000e+00 0.99
-1.5242047107e+00 +1.7600000000e+00 0.99
-1.1431535330e+00 -2.8600000000e+00 0.15
-7.6210235533e-01 +3.0800000000e+00 0.19
+1.1431535330e+00 -2.2000000000e-01 0.64
+1.5242047107e+00 -8.8000000000e-01 0.47
+7.6210235533e-01 -8.8000000000e-01 0.51
+1.1431535330e+00 +1.1000000000e+00 0.99
+1.5242047107e+00 +4.4000000000e-01 0.99
+7.6210235533e-01 +4.4000000000e-01 0.34
+1.1431535330e+00 -1.5400000000e+00 0.82
+1.5242047107e+00 -2.2000000000e+00 0.65
+7.6210235533e-01 -2.2000000000e+00 0.97
+1.1431535330e+00 +2.4200000000e+00 0.81
+1.5242047107e+00 +1.7600000000e+00 0.99
+7.6210235533e-01 +1.7600000000e+00 0.99
+1.1431535330e+00 -2.8600000000e+00 0.15
+7.6210235533e-01 +3.0800000000e+00 0.18
-2.2863070660e+00 +4.4000000000e-01 0.99
-1.9052558883e+00 -2.2000000000e-01 0.99
-2.6673582437e+00 -2.2000000000e-01 0.82
-2.2863070660e+00 -8.8000000000e-01 0.81
-1.9052558883e+00 -1.5400000000e+00 0.81
-2.6673582437e+00 -1.5400000000e+00 0.41
-2.2863070660e+00 +1.7600000000e+00 0.81
-1.9052558883e+00 +1.1000000000e+00 0.99
-2.6673582437e+00 +1.1000000000e+00 0.82
-2.2863070660e+00 -2.2000000000e+00 0.16
-1.9052558883e+00 +2.4200000000e+00 0.16
+2.2863070660e+00 +4.4000000000e-01 0.99
+2.6673582437e+00 -2.2000000000e-01 0.81
+1.9052558883e+00 -2.2000000000e-01 0.99
+2.2863070660e+00 -8.8000000000e-01 0.82
+2.6673582437e+00 -1.5400000000e+00 0.40
+1.9052558883e+00 -1.5400000000e+00 0.80
+2.2863070660e+00 +1.7600000000e+00 0.81
+2.6673582437e+00 +1.1000000000e+00 0.81
+1.9052558883e+00 +1.1000000000e+00 0.99
+2.2863070660e+00 -2.2000000000e+00 0.16
+1.9052558883e+00 +2.4200000000e+00 0.15
-3.0484094213e+00 -8.8000000000e-01 0.18
-3.0484094213e+00 +4.4000000000e-01 0.17
-3.0484094213e+00 +1.7600000000e+00 0.16
+3.0484094213e+00 -8.8000000000e-01 0.17
+3.0484094213e+00 +4.4000000000e-01 0.17
+3.0484094213e+00 +1.7600000000e+00 0.15
