-0.40057 -3.19993 0.58000
-0.20057 -3.19996 0.90000
-0.00057 -3.20000 0.90000
+0.19943 -3.20004 0.90000
+0.39943 -3.20007 0.58000
-0.60053 -2.99989 0.19000
-0.40053 -2.99993 0.99000
-0.20053 -2.99996 1.00000
-0.00053 -3.00000 1.00000
+0.19947 -3.00004 1.00000
+0.39947 -3.00007 0.99000
+0.59947 -3.00011 0.19000
-0.60050 -2.79989 0.76000
-0.40050 -2.79993 1.00000
-0.20050 -2.79996 1.00000
-0.00050 -2.80000 1.00000
+0.19950 -2.80004 1.00000
+0.39950 -2.80007 1.00000
+0.59950 -2.80011 0.76000
-1.60046 -2.59971 0.08000
-1.40046 -2.59975 0.36000
-1.20046 -2.59979 0.61000
-1.00046 -2.59982 0.61000
-0.80046 -2.59986 0.66000
-0.60046 -2.59989 0.99000
-0.40046 -2.59993 1.00000
-0.20046 -2.59996 1.00000
-0.00046 -2.60000 1.00000
+0.19954 -2.60004 1.00000
+0.39954 -2.60007 1.00000
+0.59954 -2.60011 0.99000
+0.79954 -2.60014 0.66000
+0.99954 -2.60018 0.61000
+1.19954 -2.60021 0.61000
+1.39954 -2.60025 0.36000
+1.59954 -2.60028 0.08000
-1.60043 -2.39971 0.71000
-1.40043 -2.39975 0.43000
-1.20043 -2.39979 0.98000
-1.00043 -2.39982 1.00000
-0.80043 -2.39986 1.00000
-0.60043 -2.39989 0.96000
-0.40043 -2.39993 1.00000
-0.20043 -2.39996 1.00000
-0.00043 -2.40000 1.00000
+0.19957 -2.40004 1.00000
+0.39957 -2.40007 1.00000
+0.59957 -2.40011 0.96000
+0.79957 -2.40014 1.00000
+0.99957 -2.40018 1.00000
+1.19957 -2.40021 0.98000
+1.39957 -2.40025 0.43000
+1.59957 -2.40028 0.71000
-1.80039 -2.19968 0.29000
-1.60039 -2.19971 1.00000
-1.40039 -2.19975 0.84000
-1.20039 -2.19979 0.57000
-1.00039 -2.19982 1.00000
-0.80039 -2.19986 1.00000
-0.60039 -2.19989 0.98000
-0.40039 -2.19993 0.98000
-0.20039 -2.19996 1.00000
-0.00039 -2.20000 1.00000
+0.19961 -2.20004 1.00000
+0.39961 -2.20007 0.98000
+0.59961 -2.20011 0.98000
+0.79961 -2.20014 1.00000
+0.99961 -2.20018 1.00000
+1.19961 -2.20021 0.57000
+1.39961 -2.20025 0.84000
+1.59961 -2.20028 1.00000
+1.79961 -2.20032 0.29000
-2.60036 -1.99954 0.28000
-2.40036 -1.99957 0.32000
-2.20036 -1.99961 0.32000
-2.00036 -1.99964 0.32000
-1.80036 -1.99968 0.84000
-1.60036 -1.99971 1.00000
-1.40036 -1.99975 1.00000
-1.20036 -1.99979 0.50000
-1.00036 -1.99982 0.91000
-0.80036 -1.99986 1.00000
-0.60036 -1.99989 1.00000
-0.40036 -1.99993 0.95000
-0.20036 -1.99996 0.97000
-0.00036 -2.00000 0.97000
+0.19964 -2.00004 0.97000
+0.39964 -2.00007 0.95000
+0.59964 -2.00011 1.00000
+0.79964 -2.00014 1.00000
+0.99964 -2.00018 0.91000
+1.19964 -2.00021 0.50000
+1.39964 -2.00025 1.00000
+1.59964 -2.00028 1.00000
+1.79964 -2.00032 0.84000
+1.99964 -2.00036 0.32000
+2.19964 -2.00039 0.32000
+2.39964 -2.00043 0.32000
+2.59964 -2.00046 0.28000
-2.80032 -1.79950 0.24000
-2.60032 -1.79954 1.00000
-2.40032 -1.79957 1.00000
-2.20032 -1.79961 1.00000
-2.00032 -1.79964 1.00000
-1.80032 -1.79968 0.96000
-1.60032 -1.79971 1.00000
-1.40032 -1.79975 1.00000
-1.20032 -1.79979 0.94000
-1.00032 -1.79982 0.48000
-0.80032 -1.79986 1.00000
-0.60032 -1.79989 0.99000
-0.40032 -1.79993 0.98000
-0.20032 -1.79996 1.00000
-0.00032 -1.80000 1.00000
+0.19968 -1.80004 1.00000
+0.39968 -1.80007 0.98000
+0.59968 -1.80011 0.99000
+0.79968 -1.80014 1.00000
+0.99968 -1.80018 0.48000
+1.19968 -1.80021 0.94000
+1.39968 -1.80025 1.00000
+1.59968 -1.80028 1.00000
+1.79968 -1.80032 0.96000
+1.99968 -1.80036 1.00000
+2.19968 -1.80039 1.00000
+2.39968 -1.80043 1.00000
+2.59968 -1.80046 1.00000
+2.79968 -1.80050 0.24000
-3.00028 -1.59947 0.01000
-2.80028 -1.59950 0.81000
-2.60028 -1.59954 1.00000
-2.40028 -1.59957 1.00000
-2.20028 -1.59961 1.00000
-2.00028 -1.59964 1.00000
-1.80028 -1.59968 0.99000
-1.60028 -1.59971 0.98000
-1.40028 -1.59975 1.00000
-1.20028 -1.59979 1.00000
-1.00028 -1.59982 0.60000
-0.80028 -1.59986 0.81000
-0.60028 -1.59989 0.96000
-0.40028 -1.59993 1.00000
-0.20028 -1.59996 1.00000
-0.00028 -1.60000 1.00000
+0.19972 -1.60004 1.00000
+0.39972 -1.60007 1.00000
+0.59972 -1.60011 0.96000
+0.79972 -1.60014 0.81000
+0.99971 -1.60018 0.60000
+1.19971 -1.60021 1.00000
+1.39971 -1.60025 1.00000
+1.59971 -1.60028 0.98000
+1.79971 -1.60032 0.99000
+1.99971 -1.60036 1.00000
+2.19971 -1.60039 1.00000
+2.39971 -1.60043 1.00000
+2.59971 -1.60046 1.00000
+2.79971 -1.60050 0.81000
+2.99971 -1.60053 0.01000
-3.00025 -1.39947 0.40000
-2.80025 -1.39950 1.00000
-2.60025 -1.39954 1.00000
-2.40025 -1.39957 1.00000
-2.20025 -1.39961 1.00000
-2.00025 -1.39964 1.00000
-1.80025 -1.39968 1.00000
-1.60025 -1.39971 0.96000
-1.40025 -1.39975 0.97000
-1.20025 -1.39979 0.97000
-1.00025 -1.39982 0.96000
-0.80025 -1.39986 0.40000
-0.60025 -1.39989 0.98000
-0.40025 -1.39993 1.00000
-0.20025 -1.39996 1.00000
-0.00025 -1.40000 1.00000
+0.19975 -1.40004 1.00000
+0.39975 -1.40007 1.00000
+0.59975 -1.40011 0.98000
+0.79975 -1.40014 0.40000
+0.99975 -1.40018 0.96000
+1.19975 -1.40021 0.97000
+1.39975 -1.40025 0.97000
+1.59975 -1.40028 0.96000
+1.79975 -1.40032 1.00000
+1.99975 -1.40036 1.00000
+2.19975 -1.40039 1.00000
+2.39975 -1.40043 1.00000
+2.59975 -1.40046 1.00000
+2.79975 -1.40050 1.00000
+2.99975 -1.40053 0.40000
-3.00021 -1.19947 0.33000
-2.80021 -1.19950 1.00000
-2.60021 -1.19954 1.00000
-2.40021 -1.19957 1.00000
-2.20021 -1.19961 1.00000
-2.00021 -1.19964 1.00000
-1.80021 -1.19968 1.00000
-1.60021 -1.19971 0.96000
-1.40021 -1.19975 1.00000
-1.20021 -1.19979 1.00000
-1.00021 -1.19982 1.00000
-0.80021 -1.19986 0.75000
-0.60021 -1.19989 0.66000
-0.40021 -1.19993 1.00000
-0.20021 -1.19996 1.00000
-0.00021 -1.20000 1.00000
+0.19979 -1.20004 1.00000
+0.39979 -1.20007 1.00000
+0.59979 -1.20011 0.66000
+0.79979 -1.20014 0.75000
+0.99979 -1.20018 1.00000
+1.19979 -1.20021 1.00000
+1.39979 -1.20025 1.00000
+1.59979 -1.20028 0.96000
+1.79979 -1.20032 1.00000
+1.99979 -1.20036 1.00000
+2.19979 -1.20039 1.00000
+2.39979 -1.20043 1.00000
+2.59979 -1.20046 1.00000
+2.79979 -1.20050 1.00000
+2.99979 -1.20053 0.33000
-2.80018 -0.99950 0.75000
-2.60018 -0.99954 1.00000
-2.40018 -0.99957 1.00000
-2.20018 -0.99961 1.00000
-2.00018 -0.99964 1.00000
-1.80018 -0.99968 0.98000
-1.60018 -0.99971 0.98000
-1.40018 -0.99975 1.00000
-1.20018 -0.99979 1.00000
-1.00018 -0.99982 1.00000
-0.80018 -0.99986 1.00000
-0.60018 -0.99989 0.45000
-0.40018 -0.99993 0.96000
-0.20018 -0.99996 1.00000
-0.00018 -1.00000 1.00000
+0.19982 -1.00004 1.00000
+0.39982 -1.00007 0.96000
+0.59982 -1.00011 0.45000
+0.79982 -1.00014 1.00000
+0.99982 -1.00018 1.00000
+1.19982 -1.00021 1.00000
+1.39982 -1.00025 1.00000
+1.59982 -1.00028 0.98000
+1.79982 -1.00032 0.98000
+1.99982 -1.00036 1.00000
+2.19982 -1.00039 1.00000
+2.39982 -1.00043 1.00000
+2.59982 -1.00046 1.00000
+2.79982 -1.00050 0.75000
-2.80014 -0.79950 0.19000
-2.60014 -0.79954 0.99000
-2.40014 -0.79957 1.00000
-2.20014 -0.79961 1.00000
-2.00014 -0.79964 1.00000
-1.80014 -0.79968 0.96000
-1.60014 -0.79972 1.00000
-1.40014 -0.79975 1.00000
-1.20014 -0.79979 1.00000
-1.00014 -0.79982 1.00000
-0.80014 -0.79986 1.00000
-0.60014 -0.79989 0.87000
-0.40014 -0.79993 0.54000
-0.20014 -0.79996 1.00000
-0.00014 -0.80000 1.00000
+0.19986 -0.80004 1.00000
+0.39986 -0.80007 0.54000
+0.59986 -0.80011 0.87000
+0.79986 -0.80014 1.00000
+0.99986 -0.80018 1.00000
+1.19986 -0.80021 1.00000
+1.39986 -0.80025 1.00000
+1.59986 -0.80028 1.00000
+1.79986 -0.80032 0.96000
+1.99986 -0.80036 1.00000
+2.19986 -0.80039 1.00000
+2.39986 -0.80043 1.00000
+2.59986 -0.80046 0.99000
+2.79986 -0.80050 0.19000
-2.80011 -0.59950 0.03000
-2.60011 -0.59954 0.88000
-2.40011 -0.59957 0.97000
-2.20011 -0.59961 0.97000
-2.00011 -0.59964 0.97000
-1.80011 -0.59968 0.96000
-1.60011 -0.59972 1.00000
-1.40011 -0.59975 1.00000
-1.20011 -0.59979 1.00000
-1.00011 -0.59982 1.00000
-0.80011 -0.59986 1.00000
-0.60011 -0.59989 1.00000
-0.40011 -0.59993 0.35000
-0.20011 -0.59996 0.23000
-0.00011 -0.60000 0.23000
+0.19989 -0.60004 0.23000
+0.39989 -0.60007 0.35000
+0.59989 -0.60011 1.00000
+0.79989 -0.60014 1.00000
+0.99989 -0.60018 1.00000
+1.19989 -0.60021 1.00000
+1.39989 -0.60025 1.00000
+1.59989 -0.60028 1.00000
+1.79989 -0.60032 0.96000
+1.99989 -0.60036 0.97000
+2.19989 -0.60039 0.97000
+2.39989 -0.60043 0.97000
+2.59989 -0.60046 0.88000
+2.79989 -0.60050 0.03000
-2.80007 -0.39950 0.49000
-2.60007 -0.39954 1.00000
-2.40007 -0.39957 1.00000
-2.20007 -0.39961 1.00000
-2.00007 -0.39964 1.00000
-1.80007 -0.39968 0.97000
-1.60007 -0.39972 1.00000
-1.40007 -0.39975 1.00000
-1.20007 -0.39979 1.00000
-1.00007 -0.39982 1.00000
-0.80007 -0.39986 1.00000
-0.60007 -0.39989 0.84000
-0.40007 -0.39993 0.02000
+0.39993 -0.40007 0.02000
+0.59993 -0.40011 0.84000
+0.79993 -0.40014 1.00000
+0.99993 -0.40018 1.00000
+1.19993 -0.40021 1.00000
+1.39993 -0.40025 1.00000
+1.59993 -0.40028 1.00000
+1.79993 -0.40032 0.97000
+1.99993 -0.40036 1.00000
+2.19993 -0.40039 1.00000
+2.39993 -0.40043 1.00000
+2.59993 -0.40046 1.00000
+2.79993 -0.40050 0.49000
-3.00004 -0.19947 0.11000
-2.80004 -0.19950 0.96000
-2.60004 -0.19954 1.00000
-2.40004 -0.19957 1.00000
-2.20004 -0.19961 1.00000
-2.00004 -0.19964 1.00000
-1.80004 -0.19968 1.00000
-1.60004 -0.19972 0.97000
-1.40004 -0.19975 1.00000
-1.20004 -0.19979 1.00000
-1.00004 -0.19982 1.00000
-0.80004 -0.19986 1.00000
-0.60004 -0.19989 0.29000
+0.59996 -0.20011 0.29000
+0.79996 -0.20014 1.00000
+0.99996 -0.20018 1.00000
+1.19996 -0.20021 1.00000
+1.39996 -0.20025 1.00000
+1.59996 -0.20028 0.97000
+1.79996 -0.20032 1.00000
+1.99996 -0.20036 1.00000
+2.19996 -0.20039 1.00000
+2.39996 -0.20043 1.00000
+2.59996 -0.20046 1.00000
+2.79996 -0.20050 0.96000
+2.99996 -0.20053 0.11000
-3.00000 +0.00053 0.51000
-2.80000 +0.00050 1.00000
-2.60000 +0.00046 1.00000
-2.40000 +0.00043 1.00000
-2.20000 +0.00039 1.00000
-2.00000 +0.00036 1.00000
-1.80000 +0.00032 1.00000
-1.60000 +0.00028 0.96000
-1.40000 +0.00025 1.00000
-1.20000 +0.00021 1.00000
-1.00000 +0.00018 1.00000
-0.80000 +0.00014 0.85000
+0.80000 -0.00014 0.85000
+1.00000 -0.00018 1.00000
+1.20000 -0.00021 1.00000
+1.40000 -0.00025 1.00000
+1.60000 -0.00028 0.96000
+1.80000 -0.00032 1.00000
+2.00000 -0.00036 1.00000
+2.20000 -0.00039 1.00000
+2.40000 -0.00043 1.00000
+2.60000 -0.00046 1.00000
+2.80000 -0.00050 1.00000
+3.00000 -0.00053 0.51000
-2.99996 +0.20053 0.11000
-2.79996 +0.20050 0.96000
-2.59996 +0.20046 1.00000
-2.39996 +0.20043 1.00000
-2.19996 +0.20039 1.00000
-1.99996 +0.20036 1.00000
-1.79996 +0.20032 1.00000
-1.59996 +0.20028 0.97000
-1.39996 +0.20025 1.00000
-1.19996 +0.20021 1.00000
-0.99996 +0.20018 1.00000
-0.79996 +0.20014 1.00000
-0.59996 +0.20011 0.29000
+0.60004 +0.19989 0.29000
+0.80004 +0.19986 1.00000
+1.00004 +0.19982 1.00000
+1.20004 +0.19979 1.00000
+1.40004 +0.19975 1.00000
+1.60004 +0.19972 0.97000
+1.80004 +0.19968 1.00000
+2.00004 +0.19964 1.00000
+2.20004 +0.19961 1.00000
+2.40004 +0.19957 1.00000
+2.60004 +0.19954 1.00000
+2.80004 +0.19950 0.96000
+3.00004 +0.19947 0.11000
-2.79993 +0.40050 0.49000
-2.59993 +0.40046 1.00000
-2.39993 +0.40043 1.00000
-2.19993 +0.40039 1.00000
-1.99993 +0.40036 1.00000
-1.79993 +0.40032 0.97000
-1.59993 +0.40028 1.00000
-1.39993 +0.40025 1.00000
-1.19993 +0.40021 1.00000
-0.99993 +0.40018 1.00000
-0.79993 +0.40014 1.00000
-0.59993 +0.40011 0.84000
-0.39993 +0.40007 0.02000
+0.40007 +0.39993 0.02000
+0.60007 +0.39989 0.84000
+0.80007 +0.39986 1.00000
+1.00007 +0.39982 1.00000
+1.20007 +0.39979 1.00000
+1.40007 +0.39975 1.00000
+1.60007 +0.39972 1.00000
+1.80007 +0.39968 0.97000
+2.00007 +0.39964 1.00000
+2.20007 +0.39961 1.00000
+2.40007 +0.39957 1.00000
+2.60007 +0.39954 1.00000
+2.80007 +0.39950 0.49000
-2.79989 +0.60050 0.03000
-2.59989 +0.60046 0.88000
-2.39989 +0.60043 0.97000
-2.19989 +0.60039 0.97000
-1.99989 +0.60036 0.97000
-1.79989 +0.60032 0.96000
-1.59989 +0.60028 1.00000
-1.39989 +0.60025 1.00000
-1.19989 +0.60021 1.00000
-0.99989 +0.60018 1.00000
-0.79989 +0.60014 1.00000
-0.59989 +0.60011 1.00000
-0.39989 +0.60007 0.51000
-0.19989 +0.60004 0.23000
+0.00011 +0.60000 0.11000
+0.20011 +0.59996 0.23000
+0.40011 +0.59993 0.51000
+0.60011 +0.59989 1.00000
+0.80011 +0.59986 1.00000
+1.00011 +0.59982 1.00000
+1.20011 +0.59979 1.00000
+1.40011 +0.59975 1.00000
+1.60011 +0.59972 1.00000
+1.80011 +0.59968 0.96000
+2.00011 +0.59964 0.97000
+2.20011 +0.59961 0.97000
+2.40011 +0.59957 0.97000
+2.60011 +0.59954 0.88000
+2.80011 +0.59950 0.03000
-2.79986 +0.80050 0.19000
-2.59986 +0.80046 0.99000
-2.39986 +0.80043 1.00000
-2.19986 +0.80039 1.00000
-1.99986 +0.80036 1.00000
-1.79986 +0.80032 0.96000
-1.59986 +0.80028 1.00000
-1.39986 +0.80025 1.00000
-1.19986 +0.80021 1.00000
-0.99986 +0.80018 1.00000
-0.79986 +0.80014 1.00000
-0.59986 +0.80011 0.99000
-0.39986 +0.80007 0.97000
-0.19986 +0.80004 1.00000
+0.00014 +0.80000 0.48000
+0.20014 +0.79996 1.00000
+0.40014 +0.79993 0.97000
+0.60014 +0.79989 0.99000
+0.80014 +0.79986 1.00000
+1.00014 +0.79982 1.00000
+1.20014 +0.79979 1.00000
+1.40014 +0.79975 1.00000
+1.60014 +0.79972 1.00000
+1.80014 +0.79968 0.96000
+2.00014 +0.79964 1.00000
+2.20014 +0.79961 1.00000
+2.40014 +0.79957 1.00000
+2.60014 +0.79954 0.99000
+2.80014 +0.79950 0.19000
-2.79982 +1.00050 0.75000
-2.59982 +1.00046 1.00000
-2.39982 +1.00043 1.00000
-2.19982 +1.00039 1.00000
-1.99982 +1.00036 1.00000
-1.79982 +1.00032 0.98000
-1.59982 +1.00028 0.98000
-1.39982 +1.00025 1.00000
-1.19982 +1.00021 1.00000
-0.99982 +1.00018 1.00000
-0.79982 +1.00014 1.00000
-0.59982 +1.00011 0.96000
-0.39982 +1.00007 1.00000
-0.19982 +1.00004 1.00000
+0.00018 +1.00000 0.48000
+0.20018 +0.99996 1.00000
+0.40018 +0.99993 1.00000
+0.60018 +0.99989 0.96000
+0.80018 +0.99986 1.00000
+1.00018 +0.99982 1.00000
+1.20018 +0.99979 1.00000
+1.40018 +0.99975 1.00000
+1.60018 +0.99971 0.98000
+1.80018 +0.99968 0.98000
+2.00018 +0.99964 1.00000
+2.20018 +0.99961 1.00000
+2.40018 +0.99957 1.00000
+2.60018 +0.99954 1.00000
+2.80018 +0.99950 0.75000
-2.99979 +1.20053 0.33000
-2.79979 +1.20050 1.00000
-2.59979 +1.20046 1.00000
-2.39979 +1.20043 1.00000
-2.19979 +1.20039 1.00000
-1.99979 +1.20036 1.00000
-1.79979 +1.20032 1.00000
-1.59979 +1.20028 0.96000
-1.39979 +1.20025 1.00000
-1.19979 +1.20021 1.00000
-0.99979 +1.20018 1.00000
-0.79979 +1.20014 0.98000
-0.59979 +1.20011 0.98000
-0.39979 +1.20007 1.00000
-0.19979 +1.20004 1.00000
+0.00021 +1.20000 0.48000
+0.20021 +1.19996 1.00000
+0.40021 +1.19993 1.00000
+0.60021 +1.19989 0.98000
+0.80021 +1.19986 0.98000
+1.00021 +1.19982 1.00000
+1.20021 +1.19979 1.00000
+1.40021 +1.19975 1.00000
+1.60021 +1.19971 0.96000
+1.80021 +1.19968 1.00000
+2.00021 +1.19964 1.00000
+2.20021 +1.19961 1.00000
+2.40021 +1.19957 1.00000
+2.60021 +1.19954 1.00000
+2.80021 +1.19950 1.00000
+3.00021 +1.19947 0.33000
-2.99975 +1.40053 0.40000
-2.79975 +1.40050 1.00000
-2.59975 +1.40046 1.00000
-2.39975 +1.40043 1.00000
-2.19975 +1.40039 1.00000
-1.99975 +1.40036 1.00000
-1.79975 +1.40032 1.00000
-1.59975 +1.40028 0.96000
-1.39975 +1.40025 0.97000
-1.19975 +1.40021 0.97000
-0.99975 +1.40018 0.97000
-0.79975 +1.40014 0.96000
-0.59975 +1.40011 0.98000
-0.39975 +1.40007 1.00000
-0.19975 +1.40004 1.00000
+0.00025 +1.40000 0.48000
+0.20025 +1.39996 1.00000
+0.40025 +1.39993 1.00000
+0.60025 +1.39989 0.98000
+0.80025 +1.39986 0.96000
+1.00025 +1.39982 0.97000
+1.20025 +1.39979 0.97000
+1.40025 +1.39975 0.97000
+1.60025 +1.39971 0.96000
+1.80025 +1.39968 1.00000
+2.00025 +1.39964 1.00000
+2.20025 +1.39961 1.00000
+2.40025 +1.39957 1.00000
+2.60025 +1.39954 1.00000
+2.80025 +1.39950 1.00000
+3.00025 +1.39947 0.40000
-2.99971 +1.60053 0.01000
-2.79971 +1.60050 0.81000
-2.59971 +1.60046 1.00000
-2.39971 +1.60043 1.00000
-2.19971 +1.60039 1.00000
-1.99971 +1.60036 1.00000
-1.79971 +1.60032 0.99000
-1.59971 +1.60028 0.98000
-1.39971 +1.60025 1.00000
-1.19971 +1.60021 1.00000
-0.99971 +1.60018 1.00000
-0.79972 +1.60014 1.00000
-0.59972 +1.60011 0.96000
-0.39972 +1.60007 1.00000
-0.19972 +1.60004 1.00000
+0.00028 +1.60000 0.48000
+0.20028 +1.59996 1.00000
+0.40028 +1.59993 1.00000
+0.60028 +1.59989 0.96000
+0.80028 +1.59986 1.00000
+1.00028 +1.59982 1.00000
+1.20028 +1.59979 1.00000
+1.40028 +1.59975 1.00000
+1.60028 +1.59971 0.98000
+1.80028 +1.59968 0.99000
+2.00028 +1.59964 1.00000
+2.20028 +1.59961 1.00000
+2.40028 +1.59957 1.00000
+2.60028 +1.59954 1.00000
+2.80028 +1.59950 0.81000
+3.00028 +1.59947 0.01000
-2.79968 +1.80050 0.24000
-2.59968 +1.80046 1.00000
-2.39968 +1.80043 1.00000
-2.19968 +1.80039 1.00000
-1.99968 +1.80036 1.00000
-1.79968 +1.80032 0.96000
-1.59968 +1.80028 1.00000
-1.39968 +1.80025 1.00000
-1.19968 +1.80021 1.00000
-0.99968 +1.80018 1.00000
-0.79968 +1.80014 1.00000
-0.59968 +1.80011 0.99000
-0.39968 +1.80007 0.98000
-0.19968 +1.80004 1.00000
+0.00032 +1.80000 0.48000
+0.20032 +1.79996 1.00000
+0.40032 +1.79993 0.98000
+0.60032 +1.79989 0.99000
+0.80032 +1.79986 1.00000
+1.00032 +1.79982 1.00000
+1.20032 +1.79979 1.00000
+1.40032 +1.79975 1.00000
+1.60032 +1.79971 1.00000
+1.80032 +1.79968 0.96000
+2.00032 +1.79964 1.00000
+2.20032 +1.79961 1.00000
+2.40032 +1.79957 1.00000
+2.60032 +1.79954 1.00000
+2.80032 +1.79950 0.24000
-2.59964 +2.00046 0.28000
-2.39964 +2.00043 0.32000
-2.19964 +2.00039 0.32000
-1.99964 +2.00036 0.32000
-1.79964 +2.00032 0.84000
-1.59964 +2.00028 1.00000
-1.39964 +2.00025 1.00000
-1.19964 +2.00021 1.00000
-0.99964 +2.00018 1.00000
-0.79964 +2.00014 1.00000
-0.59964 +2.00011 1.00000
-0.39964 +2.00007 0.95000
-0.19964 +2.00004 0.97000
+0.00036 +2.00000 0.47000
+0.20036 +1.99996 0.97000
+0.40036 +1.99993 0.95000
+0.60036 +1.99989 1.00000
+0.80036 +1.99986 1.00000
+1.00036 +1.99982 1.00000
+1.20036 +1.99979 1.00000
+1.40036 +1.99975 1.00000
+1.60036 +1.99971 1.00000
+1.80036 +1.99968 0.84000
+2.00036 +1.99964 0.32000
+2.20036 +1.99961 0.32000
+2.40036 +1.99957 0.32000
+2.60036 +1.99954 0.28000
-1.79961 +2.20032 0.29000
-1.59961 +2.20028 1.00000
-1.39961 +2.20025 1.00000
-1.19961 +2.20021 1.00000
-0.99961 +2.20018 1.00000
-0.79961 +2.20014 1.00000
-0.59961 +2.20011 0.98000
-0.39961 +2.20007 0.98000
-0.19961 +2.20004 1.00000
+0.00039 +2.20000 0.23000
+0.20039 +2.19996 1.00000
+0.40039 +2.19993 0.98000
+0.60039 +2.19989 0.98000
+0.80039 +2.19986 1.00000
+1.00039 +2.19982 1.00000
+1.20039 +2.19979 1.00000
+1.40039 +2.19975 1.00000
+1.60039 +2.19971 1.00000
+1.80039 +2.19968 0.29000
-1.59957 +2.40028 0.71000
-1.39957 +2.40025 1.00000
-1.19957 +2.40021 1.00000
-0.99957 +2.40018 1.00000
-0.79957 +2.40014 1.00000
-0.59957 +2.40011 0.96000
-0.39957 +2.40007 1.00000
-0.19957 +2.40004 1.00000
+0.00043 +2.40000 0.36000
+0.20043 +2.39996 1.00000
+0.40043 +2.39993 1.00000
+0.60043 +2.39989 0.96000
+0.80043 +2.39986 1.00000
+1.00043 +2.39982 1.00000
+1.20043 +2.39979 1.00000
+1.40043 +2.39975 1.00000
+1.60043 +2.39971 0.71000
-1.59954 +2.60028 0.15000
-1.39954 +2.60025 0.61000
-1.19954 +2.60021 0.61000
-0.99954 +2.60018 0.61000
-0.79954 +2.60014 0.66000
-0.59954 +2.60011 0.99000
-0.39954 +2.60007 1.00000
-0.19954 +2.60004 1.00000
+0.00046 +2.60000 0.44000
+0.20046 +2.59996 1.00000
+0.40046 +2.59993 1.00000
+0.60046 +2.59989 0.99000
+0.80046 +2.59986 0.66000
+1.00046 +2.59982 0.61000
+1.20046 +2.59979 0.61000
+1.40046 +2.59975 0.61000
+1.60046 +2.59971 0.15000
-0.59950 +2.80011 0.76000
-0.39950 +2.80007 1.00000
-0.19950 +2.80004 1.00000
+0.00050 +2.80000 0.48000
+0.20050 +2.79996 1.00000
+0.40050 +2.79993 1.00000
+0.60050 +2.79989 0.76000
-0.59947 +3.00011 0.19000
-0.39947 +3.00007 0.99000
-0.19947 +3.00004 1.00000
+0.00053 +3.00000 0.48000
+0.20053 +2.99996 1.00000
+0.40053 +2.99993 0.99000
+0.60053 +2.99989 0.19000
-0.39943 +3.20007 0.58000
-0.19943 +3.20004 0.90000
+0.00057 +3.20000 0.44000
+0.20057 +3.19996 0.90000
+0.40057 +3.19993 0.58000
