# ==============================================================
# this is a *crude* discrete model of the HST pupil
# each line contains (x, y) coordinates expressed in meters
# for a discrete pupil element.
#
# this model is used as input by the XARA package to determine
# kernel phases, etc.
# ==============================================================

-1.050 -0.300
-1.050 -0.150
-1.050  0.000
-1.050  0.150
-1.050  0.300
-0.900 -0.600
-0.900 -0.450
-0.900 -0.300
-0.900 -0.150
-0.900  0.000
-0.900  0.150
-0.900  0.300
-0.900  0.450
-0.900  0.600
-0.750 -0.450
-0.750 -0.300
-0.750 -0.150
-0.750  0.000
-0.750  0.150
-0.750  0.300
-0.750  0.450
-0.600 -0.900
-0.600 -0.300
-0.600 -0.150
-0.600  0.000
-0.600  0.150
-0.600  0.300
-0.600  0.900
-0.450 -0.900
-0.450 -0.750
-0.450 -0.150
-0.450  0.150
-0.450  0.750
-0.450  0.900
-0.300 -1.050
-0.300 -0.900
-0.300 -0.750
-0.300 -0.600
-0.300  0.600
-0.300  0.750
-0.300  0.900
-0.300  1.050
-0.150 -1.050
-0.150 -0.900
-0.150 -0.750
-0.150 -0.600
-0.150 -0.450
-0.150  0.450
-0.150  0.600
-0.150  0.750
-0.150  0.900
-0.150  1.050
 0.000 -1.050
 0.000 -0.900
 0.000 -0.750
 0.000 -0.600
 0.000  0.600
 0.000  0.750
 0.000  0.900
 0.000  1.050
 0.150 -1.050
 0.150 -0.900
 0.150 -0.750
 0.150 -0.600
 0.150 -0.450
 0.150  0.450
 0.150  0.600
 0.150  0.750
 0.150  0.900
 0.150  1.050
 0.300 -1.050
 0.300 -0.900
 0.300 -0.750
 0.300 -0.600
 0.300  0.600
 0.300  0.750
 0.300  0.900
 0.300  1.050
 0.450 -0.900
 0.450 -0.750
 0.450 -0.150
 0.450  0.150
 0.450  0.750
 0.450  0.900
 0.600 -0.900
 0.600 -0.300
 0.600 -0.150
 0.600  0.000
 0.600  0.150
 0.600  0.300
 0.600  0.900
 0.750 -0.450
 0.750 -0.300
 0.750 -0.150
 0.750  0.000
 0.750  0.150
 0.750  0.300
 0.750  0.450
 0.900 -0.600
 0.900 -0.450
 0.900 -0.300
 0.900 -0.150
 0.900  0.000
 0.900  0.150
 0.900  0.300
 0.900  0.450
 0.900  0.600
 1.050 -0.300
 1.050 -0.150
 1.050  0.000
 1.050  0.150
 1.050  0.300
