# ==============================================================
# this is a discrete model of the Palomar Hale Telescope pupil 
# seen by the PHARO camera when using the medium-cross Lyot stop
#
# each line contains (x, y) coordinates expressed in meters
# for a discrete pupil element.
#
# this model is used as input by the XARA package to determine
# kernel phases, etc.
# ==============================================================

-2.136923014 -0.698541361
-2.041537546 -0.851190018
-1.946152079 -1.003838676
-1.850766611 -1.156487333
-1.755381144 -1.309135990
-1.659995676 -1.461784647
-1.564610208 -1.614433305
-2.147803600 -0.386962137
-2.052418133 -0.539610794
-1.957032665 -0.692259452
-1.861647197 -0.844908109
-1.766261730 -0.997556766
-1.670876262 -1.150205423
-1.575490795 -1.302854081
-1.480105327 -1.455502738
-1.384719860 -1.608151395
-1.289334392 -1.760800053
-1.193948924 -1.913448710
-1.967913251 -0.380680227
-1.872527784 -0.533328885
-1.777142316 -0.685977542
-1.681756849 -0.838626199
-1.586371381 -0.991274857
-1.490985913 -1.143923514
-1.395600446 -1.296572171
-1.300214978 -1.449220829
-1.204829511 -1.601869486
-1.109444043 -1.754518143
-1.014058576 -1.907166801
-0.918673108 -2.059815458
-2.169564773  0.236196311
-1.788022902 -0.374398318
-1.692637435 -0.527046975
-1.597251967 -0.679695633
-1.501866500 -0.832344290
-1.406481032 -0.984992947
-1.311095565 -1.137641605
-1.215710097 -1.290290262
-1.120324629 -1.442938919
-1.024939162 -1.595587577
-0.929553694 -1.748236234
-0.834168227 -1.900884891
-0.738782759 -2.053533548
-2.180445359  0.547775535
-2.085059891  0.395126878
-1.989674424  0.242478221
-1.608132554 -0.368116409
-1.512747086 -0.520765066
-1.417361618 -0.673413723
-1.321976151 -0.826062381
-1.226590683 -0.978711038
-1.131205216 -1.131359695
-1.035819748 -1.284008353
-0.940434281 -1.436657010
-0.845048813 -1.589305667
-0.749663345 -1.741954324
-0.654277878 -1.894602982
-0.558892410 -2.047251639
-0.463506943 -2.199900296
-2.095940478  0.706706102
-2.000555010  0.554057445
-1.905169542  0.401408787
-1.809784075  0.248760130
-1.428242205 -0.361834499
-1.332856737 -0.514483157
-1.237471270 -0.667131814
-1.142085802 -0.819780471
-1.046700334 -0.972429129
-0.951314867 -1.125077786
-0.855929399 -1.277726443
-0.760543932 -1.430375100
-0.665158464 -1.583023758
-0.569772997 -1.735672415
-0.474387529 -1.888321072
-0.379002061 -2.040969730
-0.283616594 -2.193618387
-2.011435596  0.865636669
-1.916050129  0.712988011
-1.820664661  0.560339354
-1.725279194  0.407690697
-1.629893726  0.255042039
-1.248351856 -0.355552590
-0.866809986 -0.966147219
-0.771424518 -1.118795876
-0.676039050 -1.271444534
-0.580653583 -1.424093191
-0.485268115 -1.576741848
-0.389882648 -1.729390506
-0.294497180 -1.882039163
-0.199111713 -2.034687820
-1.926930715  1.024567235
-1.831545247  0.871918578
-1.736159780  0.719269921
-1.640774312  0.566621263
-1.545388845  0.413972606
-1.450003377  0.261323949
-0.496148702 -1.265162624
-0.400763234 -1.417811282
-0.305377766 -1.570459939
-0.209992299 -1.723108596
-1.842425834  1.183497802
-1.747040366  1.030849145
-1.651654899  0.878200487
-1.556269431  0.725551830
-1.460883963  0.572903173
-1.365498496  0.420254515
-1.270113028  0.267605858
-0.316258353 -1.258880715
-0.220872885 -1.411529372
-1.757920952  1.342428369
-1.662535485  1.189779711
-1.567150017  1.037131054
-1.471764550  0.884482397
-1.376379082  0.731833740
-1.280993615  0.579185082
 0.340559334 -2.015842092
 0.435944802 -2.168490749
-1.673416071  1.501358935
-1.578030604  1.348710278
-1.482645136  1.196061621
-1.387259668  1.043412964
-1.291874201  0.890764306
-1.196488733  0.738115649
 0.329678748 -1.704262868
 0.425064215 -1.856911525
 0.520449683 -2.009560183
 0.615835150 -2.162208840
-1.493525722  1.507640845
-1.398140255  1.354992188
-1.302754787  1.202343530
-1.207369320  1.049694873
-1.111983852  0.897046216
 0.318798161 -1.392683644
 0.414183629 -1.545332301
 0.509569097 -1.697980959
 0.604954564 -1.850629616
 0.700340032 -2.003278273
-1.409020841  1.666571412
-1.313635373  1.513922754
-1.218249906  1.361274097
-1.122864438  1.208625440
-1.027478971  1.055976782
-0.932093503  0.903328125
 0.403303043 -1.233753077
 0.498688510 -1.386401735
 0.594073978 -1.539050392
 0.689459445 -1.691699049
 0.784844913 -1.844347707
 0.880230381 -1.996996364
-1.324515960  1.825501978
-1.229130492  1.672853321
-1.133745024  1.520204664
-1.038359557  1.367556006
-0.942974089  1.214907349
-0.847588622  1.062258692
 0.583193392 -1.227471168
 0.678578859 -1.380119825
 0.773964327 -1.532768482
 0.869349794 -1.685417140
 0.964735262 -1.838065797
 1.060120729 -1.990714454
-1.144625611  1.831783888
-1.049240143  1.679135230
-0.953854676  1.526486573
-0.858469208  1.373837916
-0.763083740  1.221189258
 0.763083740 -1.221189258
 0.858469208 -1.373837916
 0.953854676 -1.526486573
 1.049240143 -1.679135230
 1.144625611 -1.831783888
-1.060120729  1.990714454
-0.964735262  1.838065797
-0.869349794  1.685417140
-0.773964327  1.532768482
-0.678578859  1.380119825
-0.583193392  1.227471168
 0.847588622 -1.062258692
 0.942974089 -1.214907349
 1.038359557 -1.367556006
 1.133745024 -1.520204664
 1.229130492 -1.672853321
 1.324515960 -1.825501978
-0.880230381  1.996996364
-0.784844913  1.844347707
-0.689459445  1.691699049
-0.594073978  1.539050392
-0.498688510  1.386401735
-0.403303043  1.233753077
 0.932093503 -0.903328125
 1.027478971 -1.055976782
 1.122864438 -1.208625440
 1.218249906 -1.361274097
 1.313635373 -1.513922754
 1.409020841 -1.666571412
-0.700340032  2.003278273
-0.604954564  1.850629616
-0.509569097  1.697980959
-0.414183629  1.545332301
-0.318798161  1.392683644
 1.111983852 -0.897046216
 1.207369320 -1.049694873
 1.302754787 -1.202343530
 1.398140255 -1.354992188
 1.493525722 -1.507640845
-0.615835150  2.162208840
-0.520449683  2.009560183
-0.425064215  1.856911525
-0.329678748  1.704262868
 1.196488733 -0.738115649
 1.291874201 -0.890764306
 1.387259668 -1.043412964
 1.482645136 -1.196061621
 1.578030604 -1.348710278
 1.673416071 -1.501358935
-0.435944802  2.168490749
-0.340559334  2.015842092
 1.280993615 -0.579185082
 1.376379082 -0.731833740
 1.471764550 -0.884482397
 1.567150017 -1.037131054
 1.662535485 -1.189779711
 1.757920952 -1.342428369
 0.220872885  1.411529372
 0.316258353  1.258880715
 1.270113028 -0.267605858
 1.365498496 -0.420254515
 1.460883963 -0.572903173
 1.556269431 -0.725551830
 1.651654899 -0.878200487
 1.747040366 -1.030849145
 1.842425834 -1.183497802
 0.209992299  1.723108596
 0.305377766  1.570459939
 0.400763234  1.417811282
 0.496148702  1.265162624
 1.450003377 -0.261323949
 1.545388845 -0.413972606
 1.640774312 -0.566621263
 1.736159780 -0.719269921
 1.831545247 -0.871918578
 1.926930715 -1.024567235
 0.199111713  2.034687820
 0.294497180  1.882039163
 0.389882648  1.729390506
 0.485268115  1.576741848
 0.580653583  1.424093191
 0.676039050  1.271444534
 0.771424518  1.118795876
 0.866809986  0.966147219
 1.248351856  0.355552590
 1.629893726 -0.255042039
 1.725279194 -0.407690697
 1.820664661 -0.560339354
 1.916050129 -0.712988011
 2.011435596 -0.865636669
 0.283616594  2.193618387
 0.379002061  2.040969730
 0.474387529  1.888321072
 0.569772997  1.735672415
 0.665158464  1.583023758
 0.760543932  1.430375100
 0.855929399  1.277726443
 0.951314867  1.125077786
 1.046700334  0.972429129
 1.142085802  0.819780471
 1.237471270  0.667131814
 1.332856737  0.514483157
 1.428242205  0.361834499
 1.809784075 -0.248760130
 1.905169542 -0.401408787
 2.000555010 -0.554057445
 2.095940478 -0.706706102
 0.463506943  2.199900296
 0.558892410  2.047251639
 0.654277878  1.894602982
 0.749663345  1.741954324
 0.845048813  1.589305667
 0.940434281  1.436657010
 1.035819748  1.284008353
 1.131205216  1.131359695
 1.226590683  0.978711038
 1.321976151  0.826062381
 1.417361618  0.673413723
 1.512747086  0.520765066
 1.608132554  0.368116409
 1.989674424 -0.242478221
 2.085059891 -0.395126878
 2.180445359 -0.547775535
 0.738782759  2.053533548
 0.834168227  1.900884891
 0.929553694  1.748236234
 1.024939162  1.595587577
 1.120324629  1.442938919
 1.215710097  1.290290262
 1.311095565  1.137641605
 1.406481032  0.984992947
 1.501866500  0.832344290
 1.597251967  0.679695633
 1.692637435  0.527046975
 1.788022902  0.374398318
 2.169564773 -0.236196311
 0.918673108  2.059815458
 1.014058576  1.907166801
 1.109444043  1.754518143
 1.204829511  1.601869486
 1.300214978  1.449220829
 1.395600446  1.296572171
 1.490985913  1.143923514
 1.586371381  0.991274857
 1.681756849  0.838626199
 1.777142316  0.685977542
 1.872527784  0.533328885
 1.967913251  0.380680227
 1.193948924  1.913448710
 1.289334392  1.760800053
 1.384719860  1.608151395
 1.480105327  1.455502738
 1.575490795  1.302854081
 1.670876262  1.150205423
 1.766261730  0.997556766
 1.861647197  0.844908109
 1.957032665  0.692259452
 2.052418133  0.539610794
 2.147803600  0.386962137
 1.564610208  1.614433305
 1.659995676  1.461784647
 1.755381144  1.309135990
 1.850766611  1.156487333
 1.946152079  1.003838676
 2.041537546  0.851190018
 2.136923014  0.698541361
