# ==============================================================
# this is a discrete model of the TMT pupil.
# sampling is moderately crude as it assumes only one point per
# segment.
#
# each line contains (x, y) coordinates expressed in meters
# for a discrete pupil element.
#
# this model is used as input by the XARA package to determine
# kernel phases, etc.
# ==============================================================

-14.300000000  4.503332100
-13.650000000  5.629165125
-13.000000000  6.754998150
-12.350000000  7.880831174
-11.700000000  9.006664199
-11.050000000 10.132497224
-14.950000000  1.125833025
-14.300000000  2.251666050
-13.650000000  3.377499075
-13.000000000  4.503332100
-12.350000000  5.629165125
-11.700000000  6.754998150
-11.050000000  7.880831174
-10.400000000  9.006664199
-9.750000000 10.132497224
-9.100000000 11.258330249
-8.450000000 12.384163274
-14.950000000 -1.125833025
-14.300000000  0.000000000
-13.650000000  1.125833025
-13.000000000  2.251666050
-12.350000000  3.377499075
-11.700000000  4.503332100
-11.050000000  5.629165125
-10.400000000  6.754998150
-9.750000000  7.880831174
-9.100000000  9.006664199
-8.450000000 10.132497224
-7.800000000 11.258330249
-7.150000000 12.384163274
-6.500000000 13.509996299
-14.300000000 -2.251666050
-13.650000000 -1.125833025
-13.000000000  0.000000000
-12.350000000  1.125833025
-11.700000000  2.251666050
-11.050000000  3.377499075
-10.400000000  4.503332100
-9.750000000  5.629165125
-9.100000000  6.754998150
-8.450000000  7.880831174
-7.800000000  9.006664199
-7.150000000 10.132497224
-6.500000000 11.258330249
-5.850000000 12.384163274
-5.200000000 13.509996299
-14.300000000 -4.503332100
-13.650000000 -3.377499075
-13.000000000 -2.251666050
-12.350000000 -1.125833025
-11.700000000  0.000000000
-11.050000000  1.125833025
-10.400000000  2.251666050
-9.750000000  3.377499075
-9.100000000  4.503332100
-8.450000000  5.629165125
-7.800000000  6.754998150
-7.150000000  7.880831174
-6.500000000  9.006664199
-5.850000000 10.132497224
-5.200000000 11.258330249
-4.550000000 12.384163274
-3.900000000 13.509996299
-3.250000000 14.635829324
-13.650000000 -5.629165125
-13.000000000 -4.503332100
-12.350000000 -3.377499075
-11.700000000 -2.251666050
-11.050000000 -1.125833025
-10.400000000  0.000000000
-9.750000000  1.125833025
-9.100000000  2.251666050
-8.450000000  3.377499075
-7.800000000  4.503332100
-7.150000000  5.629165125
-6.500000000  6.754998150
-5.850000000  7.880831174
-5.200000000  9.006664199
-4.550000000 10.132497224
-3.900000000 11.258330249
-3.250000000 12.384163274
-2.600000000 13.509996299
-1.950000000 14.635829324
-13.000000000 -6.754998150
-12.350000000 -5.629165125
-11.700000000 -4.503332100
-11.050000000 -3.377499075
-10.400000000 -2.251666050
-9.750000000 -1.125833025
-9.100000000  0.000000000
-8.450000000  1.125833025
-7.800000000  2.251666050
-7.150000000  3.377499075
-6.500000000  4.503332100
-5.850000000  5.629165125
-5.200000000  6.754998150
-4.550000000  7.880831174
-3.900000000  9.006664199
-3.250000000 10.132497224
-2.600000000 11.258330249
-1.950000000 12.384163274
-1.300000000 13.509996299
-0.650000000 14.635829324
-12.350000000 -7.880831174
-11.700000000 -6.754998150
-11.050000000 -5.629165125
-10.400000000 -4.503332100
-9.750000000 -3.377499075
-9.100000000 -2.251666050
-8.450000000 -1.125833025
-7.800000000  0.000000000
-7.150000000  1.125833025
-6.500000000  2.251666050
-5.850000000  3.377499075
-5.200000000  4.503332100
-4.550000000  5.629165125
-3.900000000  6.754998150
-3.250000000  7.880831174
-2.600000000  9.006664199
-1.950000000 10.132497224
-1.300000000 11.258330249
-0.650000000 12.384163274
 0.000000000 13.509996299
 0.650000000 14.635829324
-11.700000000 -9.006664199
-11.050000000 -7.880831174
-10.400000000 -6.754998150
-9.750000000 -5.629165125
-9.100000000 -4.503332100
-8.450000000 -3.377499075
-7.800000000 -2.251666050
-7.150000000 -1.125833025
-6.500000000  0.000000000
-5.850000000  1.125833025
-5.200000000  2.251666050
-4.550000000  3.377499075
-3.900000000  4.503332100
-3.250000000  5.629165125
-2.600000000  6.754998150
-1.950000000  7.880831174
-1.300000000  9.006664199
-0.650000000 10.132497224
 0.000000000 11.258330249
 0.650000000 12.384163274
 1.300000000 13.509996299
 1.950000000 14.635829324
-11.050000000 -10.132497224
-10.400000000 -9.006664199
-9.750000000 -7.880831174
-9.100000000 -6.754998150
-8.450000000 -5.629165125
-7.800000000 -4.503332100
-7.150000000 -3.377499075
-6.500000000 -2.251666050
-5.850000000 -1.125833025
-5.200000000  0.000000000
-4.550000000  1.125833025
-3.900000000  2.251666050
-3.250000000  3.377499075
-2.600000000  4.503332100
-1.950000000  5.629165125
-1.300000000  6.754998150
-0.650000000  7.880831174
 0.000000000  9.006664199
 0.650000000 10.132497224
 1.300000000 11.258330249
 1.950000000 12.384163274
 2.600000000 13.509996299
 3.250000000 14.635829324
-9.750000000 -10.132497224
-9.100000000 -9.006664199
-8.450000000 -7.880831174
-7.800000000 -6.754998150
-7.150000000 -5.629165125
-6.500000000 -4.503332100
-5.850000000 -3.377499075
-5.200000000 -2.251666050
-4.550000000 -1.125833025
-3.900000000  0.000000000
-3.250000000  1.125833025
-2.600000000  2.251666050
-1.950000000  3.377499075
-1.300000000  4.503332100
-0.650000000  5.629165125
 0.000000000  6.754998150
 0.650000000  7.880831174
 1.300000000  9.006664199
 1.950000000 10.132497224
 2.600000000 11.258330249
 3.250000000 12.384163274
 3.900000000 13.509996299
-9.100000000 -11.258330249
-8.450000000 -10.132497224
-7.800000000 -9.006664199
-7.150000000 -7.880831174
-6.500000000 -6.754998150
-5.850000000 -5.629165125
-5.200000000 -4.503332100
-4.550000000 -3.377499075
-3.900000000 -2.251666050
-3.250000000 -1.125833025
-2.600000000  0.000000000
-1.950000000  1.125833025
-1.300000000  2.251666050
-0.650000000  3.377499075
 0.000000000  4.503332100
 0.650000000  5.629165125
 1.300000000  6.754998150
 1.950000000  7.880831174
 2.600000000  9.006664199
 3.250000000 10.132497224
 3.900000000 11.258330249
 4.550000000 12.384163274
 5.200000000 13.509996299
-8.450000000 -12.384163274
-7.800000000 -11.258330249
-7.150000000 -10.132497224
-6.500000000 -9.006664199
-5.850000000 -7.880831174
-5.200000000 -6.754998150
-4.550000000 -5.629165125
-3.900000000 -4.503332100
-3.250000000 -3.377499075
-2.600000000 -2.251666050
-1.950000000 -1.125833025
 0.000000000  2.251666050
 0.650000000  3.377499075
 1.300000000  4.503332100
 1.950000000  5.629165125
 2.600000000  6.754998150
 3.250000000  7.880831174
 3.900000000  9.006664199
 4.550000000 10.132497224
 5.200000000 11.258330249
 5.850000000 12.384163274
 6.500000000 13.509996299
-7.150000000 -12.384163274
-6.500000000 -11.258330249
-5.850000000 -10.132497224
-5.200000000 -9.006664199
-4.550000000 -7.880831174
-3.900000000 -6.754998150
-3.250000000 -5.629165125
-2.600000000 -4.503332100
-1.950000000 -3.377499075
-1.300000000 -2.251666050
 1.300000000  2.251666050
 1.950000000  3.377499075
 2.600000000  4.503332100
 3.250000000  5.629165125
 3.900000000  6.754998150
 4.550000000  7.880831174
 5.200000000  9.006664199
 5.850000000 10.132497224
 6.500000000 11.258330249
 7.150000000 12.384163274
-6.500000000 -13.509996299
-5.850000000 -12.384163274
-5.200000000 -11.258330249
-4.550000000 -10.132497224
-3.900000000 -9.006664199
-3.250000000 -7.880831174
-2.600000000 -6.754998150
-1.950000000 -5.629165125
-1.300000000 -4.503332100
-0.650000000 -3.377499075
 0.000000000 -2.251666050
 1.950000000  1.125833025
 2.600000000  2.251666050
 3.250000000  3.377499075
 3.900000000  4.503332100
 4.550000000  5.629165125
 5.200000000  6.754998150
 5.850000000  7.880831174
 6.500000000  9.006664199
 7.150000000 10.132497224
 7.800000000 11.258330249
 8.450000000 12.384163274
-5.200000000 -13.509996299
-4.550000000 -12.384163274
-3.900000000 -11.258330249
-3.250000000 -10.132497224
-2.600000000 -9.006664199
-1.950000000 -7.880831174
-1.300000000 -6.754998150
-0.650000000 -5.629165125
 0.000000000 -4.503332100
 0.650000000 -3.377499075
 1.300000000 -2.251666050
 1.950000000 -1.125833025
 2.600000000  0.000000000
 3.250000000  1.125833025
 3.900000000  2.251666050
 4.550000000  3.377499075
 5.200000000  4.503332100
 5.850000000  5.629165125
 6.500000000  6.754998150
 7.150000000  7.880831174
 7.800000000  9.006664199
 8.450000000 10.132497224
 9.100000000 11.258330249
-3.900000000 -13.509996299
-3.250000000 -12.384163274
-2.600000000 -11.258330249
-1.950000000 -10.132497224
-1.300000000 -9.006664199
-0.650000000 -7.880831174
 0.000000000 -6.754998150
 0.650000000 -5.629165125
 1.300000000 -4.503332100
 1.950000000 -3.377499075
 2.600000000 -2.251666050
 3.250000000 -1.125833025
 3.900000000  0.000000000
 4.550000000  1.125833025
 5.200000000  2.251666050
 5.850000000  3.377499075
 6.500000000  4.503332100
 7.150000000  5.629165125
 7.800000000  6.754998150
 8.450000000  7.880831174
 9.100000000  9.006664199
 9.750000000 10.132497224
-3.250000000 -14.635829324
-2.600000000 -13.509996299
-1.950000000 -12.384163274
-1.300000000 -11.258330249
-0.650000000 -10.132497224
 0.000000000 -9.006664199
 0.650000000 -7.880831174
 1.300000000 -6.754998150
 1.950000000 -5.629165125
 2.600000000 -4.503332100
 3.250000000 -3.377499075
 3.900000000 -2.251666050
 4.550000000 -1.125833025
 5.200000000  0.000000000
 5.850000000  1.125833025
 6.500000000  2.251666050
 7.150000000  3.377499075
 7.800000000  4.503332100
 8.450000000  5.629165125
 9.100000000  6.754998150
 9.750000000  7.880831174
10.400000000  9.006664199
11.050000000 10.132497224
-1.950000000 -14.635829324
-1.300000000 -13.509996299
-0.650000000 -12.384163274
 0.000000000 -11.258330249
 0.650000000 -10.132497224
 1.300000000 -9.006664199
 1.950000000 -7.880831174
 2.600000000 -6.754998150
 3.250000000 -5.629165125
 3.900000000 -4.503332100
 4.550000000 -3.377499075
 5.200000000 -2.251666050
 5.850000000 -1.125833025
 6.500000000  0.000000000
 7.150000000  1.125833025
 7.800000000  2.251666050
 8.450000000  3.377499075
 9.100000000  4.503332100
 9.750000000  5.629165125
10.400000000  6.754998150
11.050000000  7.880831174
11.700000000  9.006664199
-0.650000000 -14.635829324
 0.000000000 -13.509996299
 0.650000000 -12.384163274
 1.300000000 -11.258330249
 1.950000000 -10.132497224
 2.600000000 -9.006664199
 3.250000000 -7.880831174
 3.900000000 -6.754998150
 4.550000000 -5.629165125
 5.200000000 -4.503332100
 5.850000000 -3.377499075
 6.500000000 -2.251666050
 7.150000000 -1.125833025
 7.800000000  0.000000000
 8.450000000  1.125833025
 9.100000000  2.251666050
 9.750000000  3.377499075
10.400000000  4.503332100
11.050000000  5.629165125
11.700000000  6.754998150
12.350000000  7.880831174
 0.650000000 -14.635829324
 1.300000000 -13.509996299
 1.950000000 -12.384163274
 2.600000000 -11.258330249
 3.250000000 -10.132497224
 3.900000000 -9.006664199
 4.550000000 -7.880831174
 5.200000000 -6.754998150
 5.850000000 -5.629165125
 6.500000000 -4.503332100
 7.150000000 -3.377499075
 7.800000000 -2.251666050
 8.450000000 -1.125833025
 9.100000000  0.000000000
 9.750000000  1.125833025
10.400000000  2.251666050
11.050000000  3.377499075
11.700000000  4.503332100
12.350000000  5.629165125
13.000000000  6.754998150
 1.950000000 -14.635829324
 2.600000000 -13.509996299
 3.250000000 -12.384163274
 3.900000000 -11.258330249
 4.550000000 -10.132497224
 5.200000000 -9.006664199
 5.850000000 -7.880831174
 6.500000000 -6.754998150
 7.150000000 -5.629165125
 7.800000000 -4.503332100
 8.450000000 -3.377499075
 9.100000000 -2.251666050
 9.750000000 -1.125833025
10.400000000  0.000000000
11.050000000  1.125833025
11.700000000  2.251666050
12.350000000  3.377499075
13.000000000  4.503332100
13.650000000  5.629165125
 3.250000000 -14.635829324
 3.900000000 -13.509996299
 4.550000000 -12.384163274
 5.200000000 -11.258330249
 5.850000000 -10.132497224
 6.500000000 -9.006664199
 7.150000000 -7.880831174
 7.800000000 -6.754998150
 8.450000000 -5.629165125
 9.100000000 -4.503332100
 9.750000000 -3.377499075
10.400000000 -2.251666050
11.050000000 -1.125833025
11.700000000  0.000000000
12.350000000  1.125833025
13.000000000  2.251666050
13.650000000  3.377499075
14.300000000  4.503332100
 5.200000000 -13.509996299
 5.850000000 -12.384163274
 6.500000000 -11.258330249
 7.150000000 -10.132497224
 7.800000000 -9.006664199
 8.450000000 -7.880831174
 9.100000000 -6.754998150
 9.750000000 -5.629165125
10.400000000 -4.503332100
11.050000000 -3.377499075
11.700000000 -2.251666050
12.350000000 -1.125833025
13.000000000  0.000000000
13.650000000  1.125833025
14.300000000  2.251666050
 6.500000000 -13.509996299
 7.150000000 -12.384163274
 7.800000000 -11.258330249
 8.450000000 -10.132497224
 9.100000000 -9.006664199
 9.750000000 -7.880831174
10.400000000 -6.754998150
11.050000000 -5.629165125
11.700000000 -4.503332100
12.350000000 -3.377499075
13.000000000 -2.251666050
13.650000000 -1.125833025
14.300000000  0.000000000
14.950000000  1.125833025
 8.450000000 -12.384163274
 9.100000000 -11.258330249
 9.750000000 -10.132497224
10.400000000 -9.006664199
11.050000000 -7.880831174
11.700000000 -6.754998150
12.350000000 -5.629165125
13.000000000 -4.503332100
13.650000000 -3.377499075
14.300000000 -2.251666050
14.950000000 -1.125833025
11.050000000 -10.132497224
11.700000000 -9.006664199
12.350000000 -7.880831174
13.000000000 -6.754998150
13.650000000 -5.629165125
14.300000000 -4.503332100
